160
0 5.14881 12.2379 -10.4485
1 1.04842 12.4164 -9.28481
2 -3.9819 12.2435 -6.98277
3 -7.56059 11.7704 -4.61319
4 5.23802 13.7615 -9.69212
5 1.19552 14.153 -8.36631
6 -3.7411 14.1477 -5.93659
7 -7.26136 13.7209 -3.55443
8 5.44438 15.0939 -8.75312
9 1.4603 15.6945 -7.23674
10 -3.3639 15.8498 -4.65327
11 -6.80636 15.4858 -2.25576
12 5.75662 16.2055 -7.6625
13 1.83405 17.0141 -5.92415
14 -2.85832 17.32 -3.16264
15 -6.19935 17.0332 -0.748278
16 6.15597 17.072 -6.45316
17 2.30281 18.089 -4.4559
18 -2.23093 18.5318 -1.49738
19 -5.44191 18.3367 0.932571
20 6.61532 17.6778 -5.15863
21 2.84858 18.9002 -2.85847
22 -1.48873 19.4617 0.307024
23 -4.53448 19.3733 2.74746
24 7.09988 18.0204 -3.80872
25 3.44951 19.4335 -1.15593
26 -0.640055 20.0884 2.21154
27 -3.4781 20.122 4.653
28 7.57107 18.1139 -2.42158
29 4.08111 19.6782 0.63193
30 0.304022 20.3944 4.17313
31 -2.27719 20.5636 6.60148
32 7.99294 17.9859 -0.993662
33 4.71803 19.6252 2.49066
34 1.32843 20.3665 6.14497
35 -0.942535 20.6817 8.5412
36 8.33678 17.6669 0.510009
37 5.33577 19.2615 4.40912
38 2.41351 19.9987 8.07733
39 0.506719 20.4656 10.4178
40 8.57931 17.1713 2.16644
41 5.91084 18.5662 6.37222
42 3.5354 19.2938 9.91911
43 2.04308 19.9126 12.1762
44 8.68877 16.4613 4.10551
45 6.41948 17.5101 8.34769
46 4.66722 18.2648 11.6196
47 3.63235 19.031 13.7637
48 8.5859 15.3727 6.49107
49 6.83634 16.0678 10.2706
50 5.78049 16.9358 13.1308
51 5.23616 17.8403 15.1317
52 8.08335 13.5335 9.33128
53 7.1368 14.2434 12.037
54 6.84682 15.3413 14.4093
55 6.81453 16.3714 16.2384
56 6.98823 10.6564 12.0092
57 7.30536 12.0993 13.5232
58 7.83932 13.5253 15.4193
59 8.32797 14.6647 17.0499
60 5.54715 7.34078 13.5932
61 7.34561 9.75838 14.6295
62 8.73388 11.5391 16.1339
63 9.73901 12.7684 17.5418
64 4.27406 4.49561 14.1309
65 7.28147 7.36654 15.3178
66 9.50998 9.43761 16.5359
67 11.0133 10.7364 17.7
68 3.34438 2.28628 14.1898
69 7.14627 5.04287 15.6096
70 10.1511 7.27749 16.6186
71 12.1204 8.62612 17.5214
72 2.69811 0.506404 14.0679
73 6.9684 2.85657 15.5551
74 10.6445 5.11405 16.3845
75 13.0353 6.49594 17.0148
76 2.24598 -1.02806 13.8298
77 6.76272 0.835521 15.2022
78 10.9818 2.9999 15.8447
79 13.7399 4.40303 16.2001
80 1.91465 -2.41852 13.4538
81 6.52931 -1.01265 14.5847
82 11.1582 0.983926 15.0172
83 14.2248 2.40073 15.107
84 1.64216 -3.70374 12.8987
85 6.25693 -2.68297 13.7239
86 11.1741 -0.889315 13.9259
87 14.491 0.536515 13.7707
88 1.37289 -4.8797 12.1325
89 5.92879 -4.16439 12.6366
90 11.035 -2.57996 12.5985
91 14.5502 -1.14886 12.228
92 1.05993 -5.91616 11.1458
93 5.52874 -5.43881 11.3421
94 10.7512 -4.05298 11.0644
95 14.4219 -2.62062 10.5127
96 0.671077 -6.77379 9.95384
97 5.04561 -6.48411 9.86479
98 10.3363 -5.27777 9.35417
99 14.1296 -3.84814 8.65486
100 0.190974 -7.4167 8.58785
101 4.47512 -7.27754 8.23387
102 9.80548 -6.22751 7.49878
103 13.6976 -4.80368 6.68315
104 -0.382052 -7.81627 7.08545
105 3.81961 -7.79766 6.48172
106 9.17411 -6.87846 5.53108
107 13.1484 -5.46234 4.62783
108 -1.04032 -7.95019 5.48637
109 3.08708 -8.02488 4.64335
110 8.45811 -7.20971 3.48683
111 12.5036 -5.8031 2.52326
112 -1.76975 -7.80119 3.83186
113 2.29027 -7.94186 2.75698
114 7.67423 -7.20359 1.40626
115 11.7834 -5.81028 0.409114
116 -2.55147 -7.35718 2.16538
117 1.44625 -7.53466 0.865351
118 6.84088 -6.84717 -0.664507
119 11.0082 -5.47539 -1.66927
120 -3.36262 -6.61233 0.533232
121 0.576361 -6.79515 -0.983203
122 5.97892 -6.13507 -2.6727
123 10.1993 -4.79949 -3.66161
124 -4.17717 -5.56922 -1.01552
125 -0.294018 -5.72441 -2.73485
126 5.11215 -5.07337 -4.5598
127 9.37916 -3.79563 -5.51462
128 -4.96693 -4.24101 -2.43026
129 -1.13641 -4.33662 -4.33214
130 4.26697 -3.68346 -6.2648
131 8.57176 -2.4907 -7.1756
132 -5.7033 -2.65317 -3.66133
133 -1.9211 -2.66194 -5.71812
134 3.471 -2.00431 -7.7297
135 7.80153 -0.925751 -8.59701
136 -6.35933 -0.8437 -4.66343
137 -2.61985 -0.746926 -6.84187
138 2.75083 -0.091498 -8.90631
139 7.09216 0.845933 -9.74139
140 -6.91183 1.13865 -5.39927
141 -3.20876 1.34838 -7.66407
142 2.12939 1.98747 -9.76178
143 6.46488 2.76302 -10.5848
144 -7.3427 3.23798 -5.84242
145 -3.67026 3.55626 -8.1606
146 1.62395 4.16023 -10.2812
147 5.9368 4.7614 -11.1179
148 -7.6387 5.39591 -5.97878
149 -3.99234 5.80801 -8.32414
150 1.24364 6.35738 -10.4659
151 5.51926 6.77829 -11.3451
152 -7.77578 7.54964 -5.81939
153 -4.17456 8.05154 -8.15565
154 0.99247 8.51098 -10.3316
155 5.20541 8.75819 -11.2782
156 -7.69009 9.67082 -5.41263
157 -4.07877 10.1778 -7.76251
158 1.03128 10.506 -9.96814
159 5.16214 10.5625 -10.9893
520
0 1
0 4
0 5
1 2
1 5
1 6
2 3
2 6
2 7
3 7
4 1
4 5
4 8
4 9
5 2
5 6
5 9
5 10
6 3
6 7
6 10
6 11
7 11
8 5
8 9
8 12
8 13
9 6
9 10
9 13
9 14
10 7
10 11
10 14
10 15
11 15
12 9
12 13
12 16
12 17
13 10
13 14
13 17
13 18
14 11
14 15
14 18
14 19
15 19
16 13
16 17
16 20
16 21
17 14
17 18
17 21
17 22
18 15
18 19
18 22
18 23
19 23
20 17
20 21
20 24
20 25
21 18
21 22
21 25
21 26
22 19
22 23
22 26
22 27
23 27
24 21
24 25
24 28
24 29
25 22
25 26
25 29
25 30
26 23
26 27
26 30
26 31
27 31
28 25
28 29
28 32
28 33
29 26
29 30
29 33
29 34
30 27
30 31
30 34
30 35
31 35
32 29
32 33
32 36
32 37
33 30
33 34
33 37
33 38
34 31
34 35
34 38
34 39
35 39
36 33
36 37
36 40
36 41
37 34
37 38
37 41
37 42
38 35
38 39
38 42
38 43
39 43
40 37
40 41
40 44
40 45
41 38
41 42
41 45
41 46
42 39
42 43
42 46
42 47
43 47
44 41
44 45
44 48
44 49
45 42
45 46
45 49
45 50
46 43
46 47
46 50
46 51
47 51
48 45
48 49
48 52
48 53
49 46
49 50
49 53
49 54
50 47
50 51
50 54
50 55
51 55
52 49
52 53
52 56
52 57
53 50
53 54
53 57
53 58
54 51
54 55
54 58
54 59
55 59
56 53
56 57
56 60
56 61
57 54
57 58
57 61
57 62
58 55
58 59
58 62
58 63
59 63
60 57
60 61
60 64
60 65
61 58
61 62
61 65
61 66
62 59
62 63
62 66
62 67
63 67
64 61
64 65
64 68
64 69
65 62
65 66
65 69
65 70
66 63
66 67
66 70
66 71
67 71
68 65
68 69
68 72
68 73
69 66
69 70
69 73
69 74
70 67
70 71
70 74
70 75
71 75
72 69
72 73
72 76
72 77
73 70
73 74
73 77
73 78
74 71
74 75
74 78
74 79
75 79
76 73
76 77
76 80
76 81
77 74
77 78
77 81
77 82
78 75
78 79
78 82
78 83
79 83
80 77
80 81
80 84
80 85
81 78
81 82
81 85
81 86
82 79
82 83
82 86
82 87
83 87
84 81
84 85
84 88
84 89
85 82
85 86
85 89
85 90
86 83
86 87
86 90
86 91
87 91
88 85
88 89
88 92
88 93
89 86
89 90
89 93
89 94
90 87
90 91
90 94
90 95
91 95
92 89
92 93
92 96
92 97
93 90
93 94
93 97
93 98
94 91
94 95
94 98
94 99
95 99
96 93
96 97
96 100
96 101
97 94
97 98
97 101
97 102
98 95
98 99
98 102
98 103
99 103
100 97
100 101
100 104
100 105
101 98
101 102
101 105
101 106
102 99
102 103
102 106
102 107
103 107
104 101
104 105
104 108
104 109
105 102
105 106
105 109
105 110
106 103
106 107
106 110
106 111
107 111
108 105
108 109
108 112
108 113
109 106
109 110
109 113
109 114
110 107
110 111
110 114
110 115
111 115
112 109
112 113
112 116
112 117
113 110
113 114
113 117
113 118
114 111
114 115
114 118
114 119
115 119
116 113
116 117
116 120
116 121
117 114
117 118
117 121
117 122
118 115
118 119
118 122
118 123
119 123
120 117
120 121
120 124
120 125
121 118
121 122
121 125
121 126
122 119
122 123
122 126
122 127
123 127
124 121
124 125
124 128
124 129
125 122
125 126
125 129
125 130
126 123
126 127
126 130
126 131
127 131
128 125
128 129
128 132
128 133
129 126
129 130
129 133
129 134
130 127
130 131
130 134
130 135
131 135
132 129
132 133
132 136
132 137
133 130
133 134
133 137
133 138
134 131
134 135
134 138
134 139
135 139
136 133
136 137
136 140
136 141
137 134
137 138
137 141
137 142
138 135
138 139
138 142
138 143
139 143
140 137
140 141
140 144
140 145
141 138
141 142
141 145
141 146
142 139
142 143
142 146
142 147
143 147
144 141
144 145
144 148
144 149
145 142
145 146
145 149
145 150
146 143
146 147
146 150
146 151
147 151
148 145
148 149
148 152
148 153
149 146
149 150
149 153
149 154
150 147
150 151
150 154
150 155
151 155
152 149
152 153
152 156
152 157
153 150
153 154
153 157
153 158
154 151
154 155
154 158
154 159
155 159
156 157
156 153
157 158
157 154
158 159
158 155
0 159
0 158
3 156
3 157
1 158
1 157
1 159
2 157
2 156
2 158
0
