576
0 35.0648 16.0365 22.9198
1 34.6344 13.7982 21.7247
2 34.2118 11.2278 20.3773
3 33.8234 8.59051 19.0228
4 33.4757 5.93128 17.6805
5 33.1696 3.25773 16.354
6 32.9054 0.571183 15.0448
7 32.6837 -2.12809 13.7547
8 32.5051 -4.83907 12.4857
9 32.3713 -7.55451 11.2429
10 32.2863 -10.2291 10.0493
11 32.2659 -12.5843 9.04498
12 31.4674 15.0948 26.8483
13 31.1023 12.8239 25.6956
14 30.7436 10.2108 24.4127
15 30.4187 7.52978 23.129
16 30.1299 4.8249 21.8663
17 29.8777 2.10388 20.628
18 29.6621 -0.631764 19.4151
19 29.4835 -3.38154 18.229
20 29.3427 -6.14423 17.0717
21 29.2407 -8.91255 15.9481
22 29.1802 -11.641 14.881
23 29.1754 -14.0436 13.9933
24 27.5106 14.2093 30.479
25 27.2135 11.9076 29.3695
26 26.9223 9.25605 28.15
27 26.6599 6.53405 26.9402
28 26.4283 3.78697 25.7593
29 26.2276 1.02261 24.6106
30 26.0577 -1.75738 23.4951
31 25.919 -4.55233 22.4137
32 25.8121 -7.36086 21.3682
33 25.7378 -10.1755 20.3633
34 25.6988 -12.9496 19.4189
35 25.7063 -15.3924 18.6447
36 23.2534 13.4006 33.7389
37 23.0253 11.0691 32.6762
38 22.8023 8.38134 31.5229
39 22.602 5.62127 30.3896
40 22.4262 2.83521 29.2931
41 22.2749 0.0312784 28.2363
42 22.1482 -2.78871 27.2195
43 22.0462 -5.6239 26.2436
44 21.9697 -8.47275 25.3101
45 21.9196 -11.3274 24.4229
46 21.8984 -14.1406 23.5996
47 21.9145 -16.618 22.9373
48 18.758 12.6856 36.5611
49 18.599 10.3248 35.5504
50 18.4439 7.60275 34.468
51 18.3049 4.8071 33.415
52 18.1835 1.98508 32.4064
53 18.0797 -0.854886 31.4439
54 17.9936 -3.71079 30.5278
55 17.9256 -6.58163 29.6585
56 17.8763 -9.46566 28.8373
57 17.847 -12.3548 28.0675
58 17.8398 -15.2012 27.3643
59 17.8607 -17.7078 26.8127
60 14.0902 12.0778 38.885
61 13.9998 9.68836 37.9328
62 13.9115 6.93364 36.9272
63 13.8326 4.10477 35.9595
64 13.7639 1.24968 35.0426
65 13.7057 -1.62294 34.1777
66 13.6581 -4.51089 33.3646
67 13.6213 -7.41301 32.6035
68 13.5963 -10.3274 31.8953
69 13.5843 -13.2458 31.2429
70 13.5874 -16.1199 30.6593
71 13.6096 -18.6511 30.2177
72 9.31935 11.5875 40.6568
73 9.29611 9.17018 39.7705
74 9.27304 6.38458 38.8485
75 9.25246 3.52487 37.9719
76 9.23481 0.639596 37.1517
77 9.22015 -2.26233 36.3882
78 9.20863 -5.17853 35.681
79 9.20063 -8.1077 35.03
80 9.19695 -11.0478 34.4358
81 9.19898 -13.9905 33.9011
82 9.20877 -16.8872 33.437
83 9.2285 -19.4386 33.1045
84 4.51748 11.2219 41.83
85 4.55924 8.7777 41.0178
86 4.59913 5.96324 40.1869
87 4.63476 3.07529 39.408
88 4.66595 0.162858 38.6899
89 4.6927 -2.76492 38.0323
90 4.71507 -5.70556 37.4343
91 4.73332 -8.6576 36.8957
92 4.74816 -11.6189 36.4169
93 4.76089 -14.581 36.0003
94 4.77342 -17.4954 35.6556
95 4.78662 -20.0626 35.4319
96 -0.240692 10.9848 42.3668
97 -0.13698 8.51529 41.6372
98 -0.0370711 5.67444 40.9055
99 0.0521194 2.76117 40.2313
100 0.129729 -0.175093 39.6212
101 0.195565 -3.12508 39.0743
102 0.249496 -6.08617 38.5894
103 0.291539 -9.05683 38.1657
104 0.322077 -12.0348 37.8037
105 0.342104 -15.0116 37.5058
106 0.353176 -17.9388 37.28
107 0.355106 -20.5175 37.1644
108 -4.87857 10.8768 42.239
109 -4.71677 8.38424 41.6005
110 -4.56037 5.52004 40.9761
111 -4.4207 2.58489 40.4138
112 -4.29938 -0.371467 39.9179
113 -4.19694 -3.33965 39.4869
114 -4.11381 -6.31699 39.1189
115 -4.0504 -9.30185 38.8128
116 -4.00688 -12.2919 38.5691
117 -3.98292 -15.2787 38.3898
118 -3.97775 -18.2138 38.282
119 -3.99269 -20.7998 38.2727
120 -9.31867 10.8952 41.4302
121 -9.1032 8.3828 40.8908
122 -8.89418 5.49899 40.3814
123 -8.70732 2.546 39.938
124 -8.54517 -0.426176 39.5625
125 -8.40863 -3.40813 39.2523
126 -8.2986 -6.39714 39.005
127 -8.21605 -9.39157 38.8191
128 -8.16196 -12.389 38.6945
129 -8.13709 -15.381 38.6332
130 -8.14213 -18.3194 38.6409
131 -8.18009 -20.9083 38.7343
132 -13.4845 11.0346 39.9374
133 -13.2198 8.50628 39.5042
134 -12.9619 5.60737 39.117
135 -12.731 2.64128 38.7989
136 -12.5307 -0.341834 38.5492
137 -12.3623 -3.3326 38.3645
138 -12.2273 -6.32834 38.2413
139 -12.1273 -9.32745 38.1775
140 -12.0643 -12.3275 38.1724
141 -12.0406 -15.32 38.2272
142 -12.0591 -18.2572 38.346
143 -12.1257 -20.845 38.5353
144 -17.3036 11.2865 37.7726
145 -16.9931 8.74735 37.4517
146 -16.6893 5.83865 37.1929
147 -16.4168 2.86494 37.0058
148 -16.1802 -0.123592 36.8869
149 -15.9815 -3.1177 36.8314
150 -15.8226 -6.11483 36.8351
151 -15.7058 -9.11348 36.8948
152 -15.6341 -12.1114 37.0085
153 -15.6117 -15.1 37.1763
154 -15.6443 -18.0319 37.3998
155 -15.7422 -20.615 37.6741
156 -20.7108 11.6407 34.9634
157 -20.3565 9.09641 34.7599
158 -20.0083 6.18409 34.635
159 -19.6952 3.20902 34.5838
160 -19.4229 0.221264 34.5998
161 -19.194 -2.77015 34.6768
162 -19.0106 -5.76293 34.8095
163 -18.8757 -8.75579 34.9933
164 -18.7933 -11.7467 35.2247
165 -18.7692 -14.7274 35.5016
166 -18.8122 -17.6509 35.8217
167 -18.9383 -20.2266 36.167
168 -23.6519 12.0849 31.5502
169 -23.2535 9.54204 31.4695
170 -22.8603 6.63321 31.4837
171 -22.5057 3.6639 31.5732
172 -22.1964 0.683869 31.7279
173 -21.9353 -2.29821 31.9405
174 -21.7247 -5.28041 32.204
175 -21.568 -8.26187 32.5124
176 -21.4698 -11.2409 32.8603
177 -21.437 -14.2099 33.2427
178 -21.481 -17.1224 33.6519
179 -21.623 -19.6892 34.0543
180 -26.0843 12.605 27.5844
181 -25.6394 10.0711 27.6324
182 -25.1987 7.17404 27.7915
183 -24.7997 4.21868 28.0267
184 -24.4502 1.25427 28.3245
185 -24.1527 -1.71101 28.6758
186 -23.9099 -4.67576 29.0726
187 -23.7248 -7.63964 29.507
188 -23.6022 -10.6017 29.9715
189 -23.5494 -13.5548 30.4576
190 -23.579 -16.4539 30.9515
191 -23.7156 -19.0108 31.402
192 -27.9768 13.1849 23.1251
193 -27.4818 10.6688 23.3091
194 -26.9893 7.79316 23.6198
195 -26.5416 4.8613 24.0065
196 -26.1466 1.92167 24.4525
197 -25.8069 -1.01821 24.9469
198 -25.5245 -3.95755 25.4805
199 -25.302 -6.8967 26.0439
200 -25.1437 -9.83547 26.6274
201 -25.0559 -12.7679 27.2192
202 -25.0509 -15.6501 27.7989
203 -25.1549 -18.1948 28.298
204 -29.3084 13.8061 18.2376
205 -28.7588 11.3181 18.566
206 -28.2096 8.47545 19.0362
207 -27.7077 5.57841 19.5815
208 -27.2612 2.67434 20.1817
209 -26.8719 -0.229934 20.8248
210 -26.5412 -3.13434 21.5005
211 -26.2706 -6.03997 22.1981
212 -26.0631 -8.94755 22.9061
213 -25.9235 -11.8522 23.6099
214 -25.8619 -14.7116 24.2835
215 -25.9057 -17.2391 24.8424
216 -30.066 14.4474 12.993
217 -29.4581 11.9998 13.4751
218 -28.8471 9.2039 14.1134
219 -28.2853 6.35509 14.825
220 -27.7807 3.49945 15.5866
221 -27.3342 0.643034 16.3852
222 -26.9457 -2.21477 17.2099
223 -26.6158 -5.07581 18.0491
224 -26.3453 -7.94166 18.8902
225 -26.137 -10.8085 19.7167
226 -25.998 -13.6352 20.4983
227 -25.9584 -16.1363 21.1366
228 -30.2443 15.0853 7.46799
229 -29.575 12.6925 8.11322
230 -28.8981 9.95958 8.92848
231 -28.2715 7.1748 9.81441
232 -27.7026 4.38281 10.745
233 -27.1913 1.58897 11.7068
234 -26.7361 -1.20794 12.6886
235 -26.3359 -4.01041 13.6786
236 -25.9897 -6.82072 14.6636
237 -25.6976 -9.63584 15.6265
238 -25.4644 -12.4155 16.5345
239 -25.3255 -14.8768 17.2753
240 -29.8439 15.6943 1.74525
241 -29.1124 13.3733 2.56204
242 -28.3669 10.7219 3.56247
243 -27.6717 8.01946 4.63039
244 -27.0336 5.30893 5.73749
245 -26.4511 2.59508 6.87032
246 -25.9215 -0.123719 8.01773
247 -25.4418 -2.85041 9.16836
248 -25.0094 -5.58771 10.3094
249 -24.6219 -8.33308 11.4237
250 -24.2829 -11.0471 12.4772
251 -24.0356 -13.451 13.343
252 -28.8721 16.2489 -4.08705
253 -28.0795 14.0183 -3.09207
254 -27.2651 11.4693 -1.89985
255 -26.4994 8.86992 -0.643547
256 -25.789 6.26117 0.646575
257 -25.131 3.64748 1.95739
258 -24.5213 1.02699 3.27842
259 -23.9555 -1.60343 4.59909
260 -23.4294 -4.24667 5.90743
261 -22.9391 -6.9004 7.18728
262 -22.4879 -9.526 8.40337
263 -22.1293 -11.852 9.41276
264 -27.3426 16.7239 -9.9361
265 -26.4925 14.604 -8.75895
266 -25.6115 12.1802 -7.3708
267 -24.7761 9.70658 -5.92186
268 -23.9928 7.22219 -4.4441
269 -23.2574 4.73127 -2.95004
270 -22.5646 2.23199 -1.44915
271 -21.9092 -0.278731 0.0490685
272 -21.2857 -2.80374 1.53391
273 -20.6895 -5.34072 2.99034
274 -20.1246 -7.85222 4.38203
275 -19.6556 -10.0772 5.54806
276 -25.2755 17.0967 -15.706
277 -24.3746 15.1085 -14.3459
278 -23.4321 12.8337 -12.7609
279 -22.5307 10.51 -11.118
280 -21.6766 8.17422 -9.45077
281 -20.8648 5.83063 -7.77093
282 -20.0895 3.47759 -6.08681
283 -19.3444 1.11224 -4.40664
284 -18.6236 -1.26804 -2.73978
285 -17.9223 -3.6609 -1.10007
286 -17.246 -6.03053 0.474807
287 -16.6703 -8.1297 1.80469
288 -22.6983 17.3478 -21.2998
289 -21.7559 15.5121 -19.7597
290 -20.7604 13.4104 -17.9805
291 -19.7996 11.2614 -16.1459
292 -18.8799 9.09946 -14.2908
293 -17.9961 6.92888 -12.4262
294 -17.1417 4.74836 -10.5592
295 -16.3104 2.55539 -8.69683
296 -15.496 0.347654 -6.84704
297 -14.6941 -1.87247 -5.02263
298 -13.9118 -4.07139 -3.26284
299 -13.2353 -6.01903 -1.76753
300 -19.6461 17.4614 -26.6219
301 -18.6742 15.7981 -24.9082
302 -17.6369 13.8929 -22.9416
303 -16.6263 11.9431 -20.9214
304 -15.6494 9.98028 -18.8841
305 -14.7009 8.00859 -16.8399
306 -13.7744 6.02714 -14.7948
307 -12.8636 4.03382 -12.7546
308 -11.9626 2.02667 -10.7261
309 -11.0675 0.0080375 -8.72114
310 -10.1874 -1.9912 -6.7806
311 -9.41776 -3.7613 -5.1236
312 -16.1619 17.4255 -31.5805
313 -15.1748 15.9528 -29.7033
314 -14.1094 14.2661 -27.5598
315 -13.0614 12.5389 -25.3642
316 -12.0383 10.7995 -23.1545
317 -11.0353 9.05175 -20.9403
318 -10.0463 7.29515 -18.7265
319 -9.06558 5.52795 -16.5179
320 -8.08785 3.74856 -14.3202
321 -7.10993 1.95926 -12.1442
322 -6.14278 0.187789 -10.0327
323 -5.28981 -1.37941 -8.22271
324 -12.2967 17.2313 -36.0898
325 -11.3103 15.9653 -34.0621
326 -10.2327 14.5169 -31.756
327 -9.16147 13.0339 -29.3993
328 -8.10535 11.5404 -27.0313
329 -7.06027 10.04 -24.6609
330 -6.02093 8.5323 -22.2925
331 -4.98237 7.01588 -19.9298
332 -3.94014 5.48955 -17.5772
333 -2.89209 3.95551 -15.2452
334 -1.85102 2.43792 -12.9776
335 -0.926908 1.09731 -11.0279
336 -8.10947 16.8722 -40.0715
337 -7.14057 15.8267 -37.9091
338 -6.06754 14.6341 -35.4583
339 -4.98879 13.4145 -32.9584
340 -3.91427 12.1872 -30.45
341 -2.84114 10.9551 -27.9417
342 -1.76525 9.71773 -25.4371
343 -0.682725 8.47409 -22.9389
344 0.409769 7.22332 -20.4507
345 1.51315 5.96753 -17.982
346 2.61278 4.72697 -15.578
347 3.59362 3.63385 -13.5062
348 -3.6663 16.3428 -43.456
349 -2.73185 15.5299 -41.1773
350 -1.6804 14.6083 -38.6025
351 -0.610079 13.6686 -35.9809
352 0.467612 12.7249 -33.354
353 1.55393 11.7789 -30.7299
354 2.65154 10.8302 -28.1114
355 3.76294 9.87795 -25.5004
356 4.89007 8.92172 -22.8996
357 6.03237 7.96346 -20.3178
358 7.17336 7.01917 -17.8011
359 8.19443 6.1907 -15.628
360 0.959918 15.6385 -46.1828
361 1.84388 15.0686 -43.8084
362 2.8577 14.431 -41.1335
363 3.90429 13.7852 -38.415
364 4.97027 13.1394 -35.6947
365 6.05494 12.494 -32.9803
366 7.15919 11.8485 -30.2737
367 8.28385 11.2023 -27.5761
368 9.42921 10.5555 -24.8893
369 10.593 9.90972 -22.2213
370 11.7569 9.27639 -19.6188
371 12.8001 8.72529 -17.3681
372 5.69028 14.7551 -48.1995
373 6.50974 14.4383 -45.7529
374 7.47199 14.0956 -43.005
375 8.48129 13.7546 -40.2176
376 9.522 13.4174 -37.4323
377 10.5911 13.0832 -34.6562
378 11.6875 12.7513 -31.8903
379 12.81 12.4217 -29.1351
380 13.9572 12.0947 -26.3915
381 15.1248 11.7717 -23.667
382 16.2925 11.4592 -21.0079
383 17.3391 11.1936 -18.7055
384 10.4401 13.6907 -49.4624
385 11.1845 13.6362 -46.9705
386 12.0846 13.5969 -44.18
387 13.046 13.5681 -41.3548
388 14.0502 13.5462 -38.5358
389 15.0917 13.5294 -35.7291
390 16.167 13.5171 -32.9352
391 17.2732 13.5099 -30.1536
392 18.4067 13.5086 -27.3847
393 19.5611 13.5142 -24.6352
394 20.7142 13.5278 -21.9509
395 21.7452 13.5513 -19.6238
396 15.1191 12.4477 -49.9365
397 15.7828 12.6631 -47.4302
398 16.6152 12.932 -44.6309
399 17.5219 13.2182 -41.8016
400 18.4818 13.5132 -38.9823
401 19.4863 13.8149 -36.1782
402 20.5301 14.1234 -33.3891
403 21.6079 14.4397 -30.6141
404 22.7141 14.7653 -27.8532
405 23.8401 15.1008 -25.1121
406 24.9615 15.4418 -22.4352
407 25.9591 15.7551 -20.1117
408 19.6315 11.0369 -49.5985
409 20.2161 11.5258 -47.1126
410 20.9805 12.1018 -44.34
411 21.8307 12.699 -41.5415
412 22.7424 13.3059 -38.7561
413 23.7047 13.9209 -35.9884
414 24.7099 14.5452 -33.238
415 25.7508 15.1807 -30.5038
416 26.8197 15.8298 -27.7854
417 27.9055 16.4927 -25.0877
418 28.9813 17.1594 -22.453
419 29.9295 17.7615 -20.1632
420 23.8787 9.48212 -48.4432
421 24.3929 10.2402 -46.0133
422 25.0946 11.1128 -43.3022
423 25.8906 12.008 -40.5676
424 26.7546 12.913 -37.8482
425 27.6737 13.8279 -35.1492
426 28.6381 14.7554 -32.4703
427 29.6389 15.699 -29.8107
428 30.6661 16.662 -27.17
429 31.7057 17.6452 -24.5526
430 32.7278 18.6338 -21.9978
431 33.6148 19.5246 -19.7759
432 27.7654 7.8206 -46.4926
433 28.2227 8.83177 -44.1503
434 28.8697 9.98016 -41.5299
435 29.616 11.1506 -38.8859
436 30.435 12.33 -36.2585
437 31.313 13.5208 -33.6542
438 32.2391 14.7283 -31.0744
439 33.2025 15.9581 -28.5192
440 34.1912 17.2158 -25.9892
441 35.1887 18.504 -23.4891
442 36.1603 19.8063 -21.0559
443 36.9842 20.9885 -18.9448
444 31.2089 6.09643 -43.8038
445 31.6226 7.33366 -41.5707
446 32.2213 8.72855 -39.0606
447 32.9204 10.1441 -36.5245
448 33.6953 11.5664 -34.0048
449 34.5329 13.0002 -31.5106
450 35.4226 14.4532 -29.0457
451 36.3534 15.9338 -26.6128
452 37.3126 17.4508 -24.2152
453 38.2824 19.0109 -21.8605
454 39.2252 20.6017 -19.5875
455 40.0103 22.0722 -17.6412
456 34.148 4.34636 -40.465
457 34.5255 5.77711 -38.3507
458 35.0779 7.38635 -35.9611
459 35.7282 9.01542 -33.5414
460 36.4549 10.6484 -31.136
461 37.247 12.2908 -28.7566
462 38.0952 13.9517 -26.4094
463 38.9901 15.6411 -24.1001
464 39.921 17.3699 -21.836
465 40.8728 19.1488 -19.63
466 41.8127 20.9705 -17.528
467 42.6162 22.6813 -15.7792
468 36.5424 2.5894 -36.5788
469 36.8845 4.18316 -34.5843
470 37.3889 5.97684 -32.3188
471 37.986 7.7911 -30.0191
472 38.658 9.60674 -27.7302
473 39.3961 11.429 -25.4657
474 40.1928 13.2669 -23.2337
475 41.0409 15.1308 -21.0422
476 41.9325 17.0318 -18.9014
477 42.8577 18.9806 -16.8286
478 43.7942 20.9684 -14.8753
479 44.6461 22.8271 -13.2905
480 38.3665 0.831115 -32.2436
481 38.6708 2.56287 -30.3665
482 39.1243 4.51539 -28.2253
483 39.6645 6.4907 -26.0468
484 40.2769 8.4658 -23.8754
485 40.9545 10.4448 -21.7255
486 41.6919 12.436 -19.6064
487 42.484 14.449 -17.5276
488 43.3259 16.4937 -15.5008
489 44.2124 18.5783 -13.5448
490 45.1307 20.6871 -11.7112
491 46.0046 22.6257 -10.2295
492 39.6053 -0.926851 -27.5477
493 39.8694 0.922994 -25.7847
494 40.2698 3.01288 -23.7668
495 40.7512 5.1285 -21.7094
496 41.3015 7.24299 -19.6554
497 41.9157 9.35891 -17.6192
498 42.5902 11.4834 -15.6109
499 43.3215 13.6245 -13.6401
500 44.1074 15.7903 -11.7185
501 44.9459 17.9854 -9.86433
502 45.8292 20.1859 -8.12452
503 46.6881 22.1777 -6.70687
504 40.2523 -2.6818 -22.5712
505 40.4746 -0.729916 -20.9195
506 40.8214 1.47917 -19.023
507 41.2436 3.71703 -17.0854
508 41.7318 5.95322 -15.1477
509 42.2823 8.18854 -13.2238
510 42.8927 10.4286 -11.3232
511 43.5611 12.6798 -9.45523
512 44.2868 14.9481 -7.63047
513 45.0696 17.2345 -5.86492
514 45.9035 19.5094 -4.20016
515 46.7229 21.5449 -2.82704
516 40.3084 -4.42816 -17.3898
517 40.4887 -2.38746 -15.8469
518 40.7824 -0.0747529 -14.0694
519 41.1468 2.26955 -12.2497
520 41.5742 4.61188 -10.4264
521 42.0621 6.95125 -8.61245
522 42.6089 9.29169 -6.81629
523 43.2136 11.6378 -5.04596
524 43.8763 13.9935 -3.31045
525 44.5974 16.3574 -1.62319
526 45.3715 18.6955 -0.0211439
527 46.137 20.7704 1.31725
528 39.7817 -6.15677 -12.0778
529 39.921 -4.03869 -10.6411
530 40.1632 -1.6361 -8.97948
531 40.4719 0.800815 -7.27509
532 40.8411 3.23594 -5.56428
533 41.2686 5.66624 -3.8579
534 41.7532 8.09413 -2.16293
535 42.2944 10.5227 -0.485816
536 42.8923 12.9541 1.16642
537 43.5473 15.3849 2.78308
538 44.2544 17.7783 4.33071
539 44.9574 19.8893 5.64003
540 38.6886 -7.8545 -6.71063
541 38.7884 -5.6697 -5.37601
542 38.98 -3.19123 -3.82397
543 39.2367 -0.672814 -2.23372
544 39.551 1.84395 -0.633959
545 39.921 4.35415 0.966725
546 40.3456 6.8588 2.56307
547 40.8243 9.35967 4.15024
548 41.357 11.8575 5.72321
549 41.9435 14.3473 7.27414
550 42.5773 16.7892 8.77454
551 43.2115 18.9329 10.0593
552 37.062 -9.49206 -1.38213
553 37.1084 -7.27276 -0.110324
554 37.2565 -4.72464 1.3264
555 37.4658 -2.13373 2.80217
556 37.7294 0.455422 4.29132
557 38.0453 3.03628 5.7875
558 38.4124 5.60881 7.28688
559 38.8303 8.17381 8.78607
560 39.2986 10.731 10.2817
561 39.8163 13.274 11.7683
562 40.3746 15.7597 13.2238
563 40.9218 17.9251 14.5033
564 34.9319 -11.0221 3.85479
565 34.9635 -8.73245 4.99778
566 35.0775 -6.11919 6.31848
567 35.2479 -3.46303 7.67947
568 35.4684 -0.809954 9.05952
569 35.737 1.83299 10.4534
570 36.0527 4.46512 11.8583
571 36.4151 7.08657 13.2719
572 36.8237 9.6964 14.692
573 37.2772 12.2872 16.1145
574 37.768 14.8142 17.5181
575 38.2345 16.9996 18.7863
2160
0 1
0 12
0 13
1 2
1 13
1 14
2 3
2 14
2 15
3 4
3 15
3 16
4 5
4 16
4 17
5 6
5 17
5 18
6 7
6 18
6 19
7 8
7 19
7 20
8 9
8 20
8 21
9 10
9 21
9 22
10 11
10 22
10 23
11 23
12 1
12 13
12 24
12 25
13 2
13 14
13 25
13 26
14 3
14 15
14 26
14 27
15 4
15 16
15 27
15 28
16 5
16 17
16 28
16 29
17 6
17 18
17 29
17 30
18 7
18 19
18 30
18 31
19 8
19 20
19 31
19 32
20 9
20 21
20 32
20 33
21 10
21 22
21 33
21 34
22 11
22 23
22 34
22 35
23 35
24 13
24 25
24 36
24 37
25 14
25 26
25 37
25 38
26 15
26 27
26 38
26 39
27 16
27 28
27 39
27 40
28 17
28 29
28 40
28 41
29 18
29 30
29 41
29 42
30 19
30 31
30 42
30 43
31 20
31 32
31 43
31 44
32 21
32 33
32 44
32 45
33 22
33 34
33 45
33 46
34 23
34 35
34 46
34 47
35 47
36 25
36 37
36 48
36 49
37 26
37 38
37 49
37 50
38 27
38 39
38 50
38 51
39 28
39 40
39 51
39 52
40 29
40 41
40 52
40 53
41 30
41 42
41 53
41 54
42 31
42 43
42 54
42 55
43 32
43 44
43 55
43 56
44 33
44 45
44 56
44 57
45 34
45 46
45 57
45 58
46 35
46 47
46 58
46 59
47 59
48 37
48 49
48 60
48 61
49 38
49 50
49 61
49 62
50 39
50 51
50 62
50 63
51 40
51 52
51 63
51 64
52 41
52 53
52 64
52 65
53 42
53 54
53 65
53 66
54 43
54 55
54 66
54 67
55 44
55 56
55 67
55 68
56 45
56 57
56 68
56 69
57 46
57 58
57 69
57 70
58 47
58 59
58 70
58 71
59 71
60 49
60 61
60 72
60 73
61 50
61 62
61 73
61 74
62 51
62 63
62 74
62 75
63 52
63 64
63 75
63 76
64 53
64 65
64 76
64 77
65 54
65 66
65 77
65 78
66 55
66 67
66 78
66 79
67 56
67 68
67 79
67 80
68 57
68 69
68 80
68 81
69 58
69 70
69 81
69 82
70 59
70 71
70 82
70 83
71 83
72 61
72 73
72 84
72 85
73 62
73 74
73 85
73 86
74 63
74 75
74 86
74 87
75 64
75 76
75 87
75 88
76 65
76 77
76 88
76 89
77 66
77 78
77 89
77 90
78 67
78 79
78 90
78 91
79 68
79 80
79 91
79 92
80 69
80 81
80 92
80 93
81 70
81 82
81 93
81 94
82 71
82 83
82 94
82 95
83 95
84 73
84 85
84 96
84 97
85 74
85 86
85 97
85 98
86 75
86 87
86 98
86 99
87 76
87 88
87 99
87 100
88 77
88 89
88 100
88 101
89 78
89 90
89 101
89 102
90 79
90 91
90 102
90 103
91 80
91 92
91 103
91 104
92 81
92 93
92 104
92 105
93 82
93 94
93 105
93 106
94 83
94 95
94 106
94 107
95 107
96 85
96 97
96 108
96 109
97 86
97 98
97 109
97 110
98 87
98 99
98 110
98 111
99 88
99 100
99 111
99 112
100 89
100 101
100 112
100 113
101 90
101 102
101 113
101 114
102 91
102 103
102 114
102 115
103 92
103 104
103 115
103 116
104 93
104 105
104 116
104 117
105 94
105 106
105 117
105 118
106 95
106 107
106 118
106 119
107 119
108 97
108 109
108 120
108 121
109 98
109 110
109 121
109 122
110 99
110 111
110 122
110 123
111 100
111 112
111 123
111 124
112 101
112 113
112 124
112 125
113 102
113 114
113 125
113 126
114 103
114 115
114 126
114 127
115 104
115 116
115 127
115 128
116 105
116 117
116 128
116 129
117 106
117 118
117 129
117 130
118 107
118 119
118 130
118 131
119 131
120 109
120 121
120 132
120 133
121 110
121 122
121 133
121 134
122 111
122 123
122 134
122 135
123 112
123 124
123 135
123 136
124 113
124 125
124 136
124 137
125 114
125 126
125 137
125 138
126 115
126 127
126 138
126 139
127 116
127 128
127 139
127 140
128 117
128 129
128 140
128 141
129 118
129 130
129 141
129 142
130 119
130 131
130 142
130 143
131 143
132 121
132 133
132 144
132 145
133 122
133 134
133 145
133 146
134 123
134 135
134 146
134 147
135 124
135 136
135 147
135 148
136 125
136 137
136 148
136 149
137 126
137 138
137 149
137 150
138 127
138 139
138 150
138 151
139 128
139 140
139 151
139 152
140 129
140 141
140 152
140 153
141 130
141 142
141 153
141 154
142 131
142 143
142 154
142 155
143 155
144 133
144 145
144 156
144 157
145 134
145 146
145 157
145 158
146 135
146 147
146 158
146 159
147 136
147 148
147 159
147 160
148 137
148 149
148 160
148 161
149 138
149 150
149 161
149 162
150 139
150 151
150 162
150 163
151 140
151 152
151 163
151 164
152 141
152 153
152 164
152 165
153 142
153 154
153 165
153 166
154 143
154 155
154 166
154 167
155 167
156 145
156 157
156 168
156 169
157 146
157 158
157 169
157 170
158 147
158 159
158 170
158 171
159 148
159 160
159 171
159 172
160 149
160 161
160 172
160 173
161 150
161 162
161 173
161 174
162 151
162 163
162 174
162 175
163 152
163 164
163 175
163 176
164 153
164 165
164 176
164 177
165 154
165 166
165 177
165 178
166 155
166 167
166 178
166 179
167 179
168 157
168 169
168 180
168 181
169 158
169 170
169 181
169 182
170 159
170 171
170 182
170 183
171 160
171 172
171 183
171 184
172 161
172 173
172 184
172 185
173 162
173 174
173 185
173 186
174 163
174 175
174 186
174 187
175 164
175 176
175 187
175 188
176 165
176 177
176 188
176 189
177 166
177 178
177 189
177 190
178 167
178 179
178 190
178 191
179 191
180 169
180 181
180 192
180 193
181 170
181 182
181 193
181 194
182 171
182 183
182 194
182 195
183 172
183 184
183 195
183 196
184 173
184 185
184 196
184 197
185 174
185 186
185 197
185 198
186 175
186 187
186 198
186 199
187 176
187 188
187 199
187 200
188 177
188 189
188 200
188 201
189 178
189 190
189 201
189 202
190 179
190 191
190 202
190 203
191 203
192 181
192 193
192 204
192 205
193 182
193 194
193 205
193 206
194 183
194 195
194 206
194 207
195 184
195 196
195 207
195 208
196 185
196 197
196 208
196 209
197 186
197 198
197 209
197 210
198 187
198 199
198 210
198 211
199 188
199 200
199 211
199 212
200 189
200 201
200 212
200 213
201 190
201 202
201 213
201 214
202 191
202 203
202 214
202 215
203 215
204 193
204 205
204 216
204 217
205 194
205 206
205 217
205 218
206 195
206 207
206 218
206 219
207 196
207 208
207 219
207 220
208 197
208 209
208 220
208 221
209 198
209 210
209 221
209 222
210 199
210 211
210 222
210 223
211 200
211 212
211 223
211 224
212 201
212 213
212 224
212 225
213 202
213 214
213 225
213 226
214 203
214 215
214 226
214 227
215 227
216 205
216 217
216 228
216 229
217 206
217 218
217 229
217 230
218 207
218 219
218 230
218 231
219 208
219 220
219 231
219 232
220 209
220 221
220 232
220 233
221 210
221 222
221 233
221 234
222 211
222 223
222 234
222 235
223 212
223 224
223 235
223 236
224 213
224 225
224 236
224 237
225 214
225 226
225 237
225 238
226 215
226 227
226 238
226 239
227 239
228 217
228 229
228 240
228 241
229 218
229 230
229 241
229 242
230 219
230 231
230 242
230 243
231 220
231 232
231 243
231 244
232 221
232 233
232 244
232 245
233 222
233 234
233 245
233 246
234 223
234 235
234 246
234 247
235 224
235 236
235 247
235 248
236 225
236 237
236 248
236 249
237 226
237 238
237 249
237 250
238 227
238 239
238 250
238 251
239 251
240 229
240 241
240 252
240 253
241 230
241 242
241 253
241 254
242 231
242 243
242 254
242 255
243 232
243 244
243 255
243 256
244 233
244 245
244 256
244 257
245 234
245 246
245 257
245 258
246 235
246 247
246 258
246 259
247 236
247 248
247 259
247 260
248 237
248 249
248 260
248 261
249 238
249 250
249 261
249 262
250 239
250 251
250 262
250 263
251 263
252 241
252 253
252 264
252 265
253 242
253 254
253 265
253 266
254 243
254 255
254 266
254 267
255 244
255 256
255 267
255 268
256 245
256 257
256 268
256 269
257 246
257 258
257 269
257 270
258 247
258 259
258 270
258 271
259 248
259 260
259 271
259 272
260 249
260 261
260 272
260 273
261 250
261 262
261 273
261 274
262 251
262 263
262 274
262 275
263 275
264 253
264 265
264 276
264 277
265 254
265 266
265 277
265 278
266 255
266 267
266 278
266 279
267 256
267 268
267 279
267 280
268 257
268 269
268 280
268 281
269 258
269 270
269 281
269 282
270 259
270 271
270 282
270 283
271 260
271 272
271 283
271 284
272 261
272 273
272 284
272 285
273 262
273 274
273 285
273 286
274 263
274 275
274 286
274 287
275 287
276 265
276 277
276 288
276 289
277 266
277 278
277 289
277 290
278 267
278 279
278 290
278 291
279 268
279 280
279 291
279 292
280 269
280 281
280 292
280 293
281 270
281 282
281 293
281 294
282 271
282 283
282 294
282 295
283 272
283 284
283 295
283 296
284 273
284 285
284 296
284 297
285 274
285 286
285 297
285 298
286 275
286 287
286 298
286 299
287 299
288 277
288 289
288 300
288 301
289 278
289 290
289 301
289 302
290 279
290 291
290 302
290 303
291 280
291 292
291 303
291 304
292 281
292 293
292 304
292 305
293 282
293 294
293 305
293 306
294 283
294 295
294 306
294 307
295 284
295 296
295 307
295 308
296 285
296 297
296 308
296 309
297 286
297 298
297 309
297 310
298 287
298 299
298 310
298 311
299 311
300 289
300 301
300 312
300 313
301 290
301 302
301 313
301 314
302 291
302 303
302 314
302 315
303 292
303 304
303 315
303 316
304 293
304 305
304 316
304 317
305 294
305 306
305 317
305 318
306 295
306 307
306 318
306 319
307 296
307 308
307 319
307 320
308 297
308 309
308 320
308 321
309 298
309 310
309 321
309 322
310 299
310 311
310 322
310 323
311 323
312 301
312 313
312 324
312 325
313 302
313 314
313 325
313 326
314 303
314 315
314 326
314 327
315 304
315 316
315 327
315 328
316 305
316 317
316 328
316 329
317 306
317 318
317 329
317 330
318 307
318 319
318 330
318 331
319 308
319 320
319 331
319 332
320 309
320 321
320 332
320 333
321 310
321 322
321 333
321 334
322 311
322 323
322 334
322 335
323 335
324 313
324 325
324 336
324 337
325 314
325 326
325 337
325 338
326 315
326 327
326 338
326 339
327 316
327 328
327 339
327 340
328 317
328 329
328 340
328 341
329 318
329 330
329 341
329 342
330 319
330 331
330 342
330 343
331 320
331 332
331 343
331 344
332 321
332 333
332 344
332 345
333 322
333 334
333 345
333 346
334 323
334 335
334 346
334 347
335 347
336 325
336 337
336 348
336 349
337 326
337 338
337 349
337 350
338 327
338 339
338 350
338 351
339 328
339 340
339 351
339 352
340 329
340 341
340 352
340 353
341 330
341 342
341 353
341 354
342 331
342 343
342 354
342 355
343 332
343 344
343 355
343 356
344 333
344 345
344 356
344 357
345 334
345 346
345 357
345 358
346 335
346 347
346 358
346 359
347 359
348 337
348 349
348 360
348 361
349 338
349 350
349 361
349 362
350 339
350 351
350 362
350 363
351 340
351 352
351 363
351 364
352 341
352 353
352 364
352 365
353 342
353 354
353 365
353 366
354 343
354 355
354 366
354 367
355 344
355 356
355 367
355 368
356 345
356 357
356 368
356 369
357 346
357 358
357 369
357 370
358 347
358 359
358 370
358 371
359 371
360 349
360 361
360 372
360 373
361 350
361 362
361 373
361 374
362 351
362 363
362 374
362 375
363 352
363 364
363 375
363 376
364 353
364 365
364 376
364 377
365 354
365 366
365 377
365 378
366 355
366 367
366 378
366 379
367 356
367 368
367 379
367 380
368 357
368 369
368 380
368 381
369 358
369 370
369 381
369 382
370 359
370 371
370 382
370 383
371 383
372 361
372 373
372 384
372 385
373 362
373 374
373 385
373 386
374 363
374 375
374 386
374 387
375 364
375 376
375 387
375 388
376 365
376 377
376 388
376 389
377 366
377 378
377 389
377 390
378 367
378 379
378 390
378 391
379 368
379 380
379 391
379 392
380 369
380 381
380 392
380 393
381 370
381 382
381 393
381 394
382 371
382 383
382 394
382 395
383 395
384 373
384 385
384 396
384 397
385 374
385 386
385 397
385 398
386 375
386 387
386 398
386 399
387 376
387 388
387 399
387 400
388 377
388 389
388 400
388 401
389 378
389 390
389 401
389 402
390 379
390 391
390 402
390 403
391 380
391 392
391 403
391 404
392 381
392 393
392 404
392 405
393 382
393 394
393 405
393 406
394 383
394 395
394 406
394 407
395 407
396 385
396 397
396 408
396 409
397 386
397 398
397 409
397 410
398 387
398 399
398 410
398 411
399 388
399 400
399 411
399 412
400 389
400 401
400 412
400 413
401 390
401 402
401 413
401 414
402 391
402 403
402 414
402 415
403 392
403 404
403 415
403 416
404 393
404 405
404 416
404 417
405 394
405 406
405 417
405 418
406 395
406 407
406 418
406 419
407 419
408 397
408 409
408 420
408 421
409 398
409 410
409 421
409 422
410 399
410 411
410 422
410 423
411 400
411 412
411 423
411 424
412 401
412 413
412 424
412 425
413 402
413 414
413 425
413 426
414 403
414 415
414 426
414 427
415 404
415 416
415 427
415 428
416 405
416 417
416 428
416 429
417 406
417 418
417 429
417 430
418 407
418 419
418 430
418 431
419 431
420 409
420 421
420 432
420 433
421 410
421 422
421 433
421 434
422 411
422 423
422 434
422 435
423 412
423 424
423 435
423 436
424 413
424 425
424 436
424 437
425 414
425 426
425 437
425 438
426 415
426 427
426 438
426 439
427 416
427 428
427 439
427 440
428 417
428 429
428 440
428 441
429 418
429 430
429 441
429 442
430 419
430 431
430 442
430 443
431 443
432 421
432 433
432 444
432 445
433 422
433 434
433 445
433 446
434 423
434 435
434 446
434 447
435 424
435 436
435 447
435 448
436 425
436 437
436 448
436 449
437 426
437 438
437 449
437 450
438 427
438 439
438 450
438 451
439 428
439 440
439 451
439 452
440 429
440 441
440 452
440 453
441 430
441 442
441 453
441 454
442 431
442 443
442 454
442 455
443 455
444 433
444 445
444 456
444 457
445 434
445 446
445 457
445 458
446 435
446 447
446 458
446 459
447 436
447 448
447 459
447 460
448 437
448 449
448 460
448 461
449 438
449 450
449 461
449 462
450 439
450 451
450 462
450 463
451 440
451 452
451 463
451 464
452 441
452 453
452 464
452 465
453 442
453 454
453 465
453 466
454 443
454 455
454 466
454 467
455 467
456 445
456 457
456 468
456 469
457 446
457 458
457 469
457 470
458 447
458 459
458 470
458 471
459 448
459 460
459 471
459 472
460 449
460 461
460 472
460 473
461 450
461 462
461 473
461 474
462 451
462 463
462 474
462 475
463 452
463 464
463 475
463 476
464 453
464 465
464 476
464 477
465 454
465 466
465 477
465 478
466 455
466 467
466 478
466 479
467 479
468 457
468 469
468 480
468 481
469 458
469 470
469 481
469 482
470 459
470 471
470 482
470 483
471 460
471 472
471 483
471 484
472 461
472 473
472 484
472 485
473 462
473 474
473 485
473 486
474 463
474 475
474 486
474 487
475 464
475 476
475 487
475 488
476 465
476 477
476 488
476 489
477 466
477 478
477 489
477 490
478 467
478 479
478 490
478 491
479 491
480 469
480 481
480 492
480 493
481 470
481 482
481 493
481 494
482 471
482 483
482 494
482 495
483 472
483 484
483 495
483 496
484 473
484 485
484 496
484 497
485 474
485 486
485 497
485 498
486 475
486 487
486 498
486 499
487 476
487 488
487 499
487 500
488 477
488 489
488 500
488 501
489 478
489 490
489 501
489 502
490 479
490 491
490 502
490 503
491 503
492 481
492 493
492 504
492 505
493 482
493 494
493 505
493 506
494 483
494 495
494 506
494 507
495 484
495 496
495 507
495 508
496 485
496 497
496 508
496 509
497 486
497 498
497 509
497 510
498 487
498 499
498 510
498 511
499 488
499 500
499 511
499 512
500 489
500 501
500 512
500 513
501 490
501 502
501 513
501 514
502 491
502 503
502 514
502 515
503 515
504 493
504 505
504 516
504 517
505 494
505 506
505 517
505 518
506 495
506 507
506 518
506 519
507 496
507 508
507 519
507 520
508 497
508 509
508 520
508 521
509 498
509 510
509 521
509 522
510 499
510 511
510 522
510 523
511 500
511 512
511 523
511 524
512 501
512 513
512 524
512 525
513 502
513 514
513 525
513 526
514 503
514 515
514 526
514 527
515 527
516 505
516 517
516 528
516 529
517 506
517 518
517 529
517 530
518 507
518 519
518 530
518 531
519 508
519 520
519 531
519 532
520 509
520 521
520 532
520 533
521 510
521 522
521 533
521 534
522 511
522 523
522 534
522 535
523 512
523 524
523 535
523 536
524 513
524 525
524 536
524 537
525 514
525 526
525 537
525 538
526 515
526 527
526 538
526 539
527 539
528 517
528 529
528 540
528 541
529 518
529 530
529 541
529 542
530 519
530 531
530 542
530 543
531 520
531 532
531 543
531 544
532 521
532 533
532 544
532 545
533 522
533 534
533 545
533 546
534 523
534 535
534 546
534 547
535 524
535 536
535 547
535 548
536 525
536 537
536 548
536 549
537 526
537 538
537 549
537 550
538 527
538 539
538 550
538 551
539 551
540 529
540 541
540 552
540 553
541 530
541 542
541 553
541 554
542 531
542 543
542 554
542 555
543 532
543 544
543 555
543 556
544 533
544 545
544 556
544 557
545 534
545 546
545 557
545 558
546 535
546 547
546 558
546 559
547 536
547 548
547 559
547 560
548 537
548 549
548 560
548 561
549 538
549 550
549 561
549 562
550 539
550 551
550 562
550 563
551 563
552 541
552 553
552 564
552 565
553 542
553 554
553 565
553 566
554 543
554 555
554 566
554 567
555 544
555 556
555 567
555 568
556 545
556 557
556 568
556 569
557 546
557 558
557 569
557 570
558 547
558 559
558 570
558 571
559 548
559 560
559 571
559 572
560 549
560 561
560 572
560 573
561 550
561 562
561 573
561 574
562 551
562 563
562 574
562 575
563 575
564 565
564 553
565 566
565 554
566 567
566 555
567 568
567 556
568 569
568 557
569 570
569 558
570 571
570 559
571 572
571 560
572 573
572 561
573 574
573 562
574 575
574 563
0 575
0 574
11 564
11 565
1 574
1 573
1 575
2 573
2 572
2 574
3 572
3 571
3 573
4 571
4 570
4 572
5 570
5 569
5 571
6 569
6 568
6 570
7 568
7 567
7 569
8 567
8 566
8 568
9 566
9 565
9 567
10 565
10 564
10 566
1056
0 12 13
0 1 13
1 13 14
1 2 14
2 14 15
2 3 15
3 15 16
3 4 16
4 16 17
4 5 17
5 17 18
5 6 18
6 18 19
6 7 19
7 19 20
7 8 20
8 20 21
8 9 21
9 21 22
9 10 22
10 22 23
10 11 23
12 24 25
12 13 25
13 25 26
13 14 26
14 26 27
14 15 27
15 27 28
15 16 28
16 28 29
16 17 29
17 29 30
17 18 30
18 30 31
18 19 31
19 31 32
19 20 32
20 32 33
20 21 33
21 33 34
21 22 34
22 34 35
22 23 35
24 36 37
24 25 37
25 37 38
25 26 38
26 38 39
26 27 39
27 39 40
27 28 40
28 40 41
28 29 41
29 41 42
29 30 42
30 42 43
30 31 43
31 43 44
31 32 44
32 44 45
32 33 45
33 45 46
33 34 46
34 46 47
34 35 47
36 48 49
36 37 49
37 49 50
37 38 50
38 50 51
38 39 51
39 51 52
39 40 52
40 52 53
40 41 53
41 53 54
41 42 54
42 54 55
42 43 55
43 55 56
43 44 56
44 56 57
44 45 57
45 57 58
45 46 58
46 58 59
46 47 59
48 60 61
48 49 61
49 61 62
49 50 62
50 62 63
50 51 63
51 63 64
51 52 64
52 64 65
52 53 65
53 65 66
53 54 66
54 66 67
54 55 67
55 67 68
55 56 68
56 68 69
56 57 69
57 69 70
57 58 70
58 70 71
58 59 71
60 72 73
60 61 73
61 73 74
61 62 74
62 74 75
62 63 75
63 75 76
63 64 76
64 76 77
64 65 77
65 77 78
65 66 78
66 78 79
66 67 79
67 79 80
67 68 80
68 80 81
68 69 81
69 81 82
69 70 82
70 82 83
70 71 83
72 84 85
72 73 85
73 85 86
73 74 86
74 86 87
74 75 87
75 87 88
75 76 88
76 88 89
76 77 89
77 89 90
77 78 90
78 90 91
78 79 91
79 91 92
79 80 92
80 92 93
80 81 93
81 93 94
81 82 94
82 94 95
82 83 95
84 96 97
84 85 97
85 97 98
85 86 98
86 98 99
86 87 99
87 99 100
87 88 100
88 100 101
88 89 101
89 101 102
89 90 102
90 102 103
90 91 103
91 103 104
91 92 104
92 104 105
92 93 105
93 105 106
93 94 106
94 106 107
94 95 107
96 108 109
96 97 109
97 109 110
97 98 110
98 110 111
98 99 111
99 111 112
99 100 112
100 112 113
100 101 113
101 113 114
101 102 114
102 114 115
102 103 115
103 115 116
103 104 116
104 116 117
104 105 117
105 117 118
105 106 118
106 118 119
106 107 119
108 120 121
108 109 121
109 121 122
109 110 122
110 122 123
110 111 123
111 123 124
111 112 124
112 124 125
112 113 125
113 125 126
113 114 126
114 126 127
114 115 127
115 127 128
115 116 128
116 128 129
116 117 129
117 129 130
117 118 130
118 130 131
118 119 131
120 132 133
120 121 133
121 133 134
121 122 134
122 134 135
122 123 135
123 135 136
123 124 136
124 136 137
124 125 137
125 137 138
125 126 138
126 138 139
126 127 139
127 139 140
127 128 140
128 140 141
128 129 141
129 141 142
129 130 142
130 142 143
130 131 143
132 144 145
132 133 145
133 145 146
133 134 146
134 146 147
134 135 147
135 147 148
135 136 148
136 148 149
136 137 149
137 149 150
137 138 150
138 150 151
138 139 151
139 151 152
139 140 152
140 152 153
140 141 153
141 153 154
141 142 154
142 154 155
142 143 155
144 156 157
144 145 157
145 157 158
145 146 158
146 158 159
146 147 159
147 159 160
147 148 160
148 160 161
148 149 161
149 161 162
149 150 162
150 162 163
150 151 163
151 163 164
151 152 164
152 164 165
152 153 165
153 165 166
153 154 166
154 166 167
154 155 167
156 168 169
156 157 169
157 169 170
157 158 170
158 170 171
158 159 171
159 171 172
159 160 172
160 172 173
160 161 173
161 173 174
161 162 174
162 174 175
162 163 175
163 175 176
163 164 176
164 176 177
164 165 177
165 177 178
165 166 178
166 178 179
166 167 179
168 180 181
168 169 181
169 181 182
169 170 182
170 182 183
170 171 183
171 183 184
171 172 184
172 184 185
172 173 185
173 185 186
173 174 186
174 186 187
174 175 187
175 187 188
175 176 188
176 188 189
176 177 189
177 189 190
177 178 190
178 190 191
178 179 191
180 192 193
180 181 193
181 193 194
181 182 194
182 194 195
182 183 195
183 195 196
183 184 196
184 196 197
184 185 197
185 197 198
185 186 198
186 198 199
186 187 199
187 199 200
187 188 200
188 200 201
188 189 201
189 201 202
189 190 202
190 202 203
190 191 203
192 204 205
192 193 205
193 205 206
193 194 206
194 206 207
194 195 207
195 207 208
195 196 208
196 208 209
196 197 209
197 209 210
197 198 210
198 210 211
198 199 211
199 211 212
199 200 212
200 212 213
200 201 213
201 213 214
201 202 214
202 214 215
202 203 215
204 216 217
204 205 217
205 217 218
205 206 218
206 218 219
206 207 219
207 219 220
207 208 220
208 220 221
208 209 221
209 221 222
209 210 222
210 222 223
210 211 223
211 223 224
211 212 224
212 224 225
212 213 225
213 225 226
213 214 226
214 226 227
214 215 227
216 228 229
216 217 229
217 229 230
217 218 230
218 230 231
218 219 231
219 231 232
219 220 232
220 232 233
220 221 233
221 233 234
221 222 234
222 234 235
222 223 235
223 235 236
223 224 236
224 236 237
224 225 237
225 237 238
225 226 238
226 238 239
226 227 239
228 240 241
228 229 241
229 241 242
229 230 242
230 242 243
230 231 243
231 243 244
231 232 244
232 244 245
232 233 245
233 245 246
233 234 246
234 246 247
234 235 247
235 247 248
235 236 248
236 248 249
236 237 249
237 249 250
237 238 250
238 250 251
238 239 251
240 252 253
240 241 253
241 253 254
241 242 254
242 254 255
242 243 255
243 255 256
243 244 256
244 256 257
244 245 257
245 257 258
245 246 258
246 258 259
246 247 259
247 259 260
247 248 260
248 260 261
248 249 261
249 261 262
249 250 262
250 262 263
250 251 263
252 264 265
252 253 265
253 265 266
253 254 266
254 266 267
254 255 267
255 267 268
255 256 268
256 268 269
256 257 269
257 269 270
257 258 270
258 270 271
258 259 271
259 271 272
259 260 272
260 272 273
260 261 273
261 273 274
261 262 274
262 274 275
262 263 275
264 276 277
264 265 277
265 277 278
265 266 278
266 278 279
266 267 279
267 279 280
267 268 280
268 280 281
268 269 281
269 281 282
269 270 282
270 282 283
270 271 283
271 283 284
271 272 284
272 284 285
272 273 285
273 285 286
273 274 286
274 286 287
274 275 287
276 288 289
276 277 289
277 289 290
277 278 290
278 290 291
278 279 291
279 291 292
279 280 292
280 292 293
280 281 293
281 293 294
281 282 294
282 294 295
282 283 295
283 295 296
283 284 296
284 296 297
284 285 297
285 297 298
285 286 298
286 298 299
286 287 299
288 300 301
288 289 301
289 301 302
289 290 302
290 302 303
290 291 303
291 303 304
291 292 304
292 304 305
292 293 305
293 305 306
293 294 306
294 306 307
294 295 307
295 307 308
295 296 308
296 308 309
296 297 309
297 309 310
297 298 310
298 310 311
298 299 311
300 312 313
300 301 313
301 313 314
301 302 314
302 314 315
302 303 315
303 315 316
303 304 316
304 316 317
304 305 317
305 317 318
305 306 318
306 318 319
306 307 319
307 319 320
307 308 320
308 320 321
308 309 321
309 321 322
309 310 322
310 322 323
310 311 323
312 324 325
312 313 325
313 325 326
313 314 326
314 326 327
314 315 327
315 327 328
315 316 328
316 328 329
316 317 329
317 329 330
317 318 330
318 330 331
318 319 331
319 331 332
319 320 332
320 332 333
320 321 333
321 333 334
321 322 334
322 334 335
322 323 335
324 336 337
324 325 337
325 337 338
325 326 338
326 338 339
326 327 339
327 339 340
327 328 340
328 340 341
328 329 341
329 341 342
329 330 342
330 342 343
330 331 343
331 343 344
331 332 344
332 344 345
332 333 345
333 345 346
333 334 346
334 346 347
334 335 347
336 348 349
336 337 349
337 349 350
337 338 350
338 350 351
338 339 351
339 351 352
339 340 352
340 352 353
340 341 353
341 353 354
341 342 354
342 354 355
342 343 355
343 355 356
343 344 356
344 356 357
344 345 357
345 357 358
345 346 358
346 358 359
346 347 359
348 360 361
348 349 361
349 361 362
349 350 362
350 362 363
350 351 363
351 363 364
351 352 364
352 364 365
352 353 365
353 365 366
353 354 366
354 366 367
354 355 367
355 367 368
355 356 368
356 368 369
356 357 369
357 369 370
357 358 370
358 370 371
358 359 371
360 372 373
360 361 373
361 373 374
361 362 374
362 374 375
362 363 375
363 375 376
363 364 376
364 376 377
364 365 377
365 377 378
365 366 378
366 378 379
366 367 379
367 379 380
367 368 380
368 380 381
368 369 381
369 381 382
369 370 382
370 382 383
370 371 383
372 384 385
372 373 385
373 385 386
373 374 386
374 386 387
374 375 387
375 387 388
375 376 388
376 388 389
376 377 389
377 389 390
377 378 390
378 390 391
378 379 391
379 391 392
379 380 392
380 392 393
380 381 393
381 393 394
381 382 394
382 394 395
382 383 395
384 396 397
384 385 397
385 397 398
385 386 398
386 398 399
386 387 399
387 399 400
387 388 400
388 400 401
388 389 401
389 401 402
389 390 402
390 402 403
390 391 403
391 403 404
391 392 404
392 404 405
392 393 405
393 405 406
393 394 406
394 406 407
394 395 407
396 408 409
396 397 409
397 409 410
397 398 410
398 410 411
398 399 411
399 411 412
399 400 412
400 412 413
400 401 413
401 413 414
401 402 414
402 414 415
402 403 415
403 415 416
403 404 416
404 416 417
404 405 417
405 417 418
405 406 418
406 418 419
406 407 419
408 420 421
408 409 421
409 421 422
409 410 422
410 422 423
410 411 423
411 423 424
411 412 424
412 424 425
412 413 425
413 425 426
413 414 426
414 426 427
414 415 427
415 427 428
415 416 428
416 428 429
416 417 429
417 429 430
417 418 430
418 430 431
418 419 431
420 432 433
420 421 433
421 433 434
421 422 434
422 434 435
422 423 435
423 435 436
423 424 436
424 436 437
424 425 437
425 437 438
425 426 438
426 438 439
426 427 439
427 439 440
427 428 440
428 440 441
428 429 441
429 441 442
429 430 442
430 442 443
430 431 443
432 444 445
432 433 445
433 445 446
433 434 446
434 446 447
434 435 447
435 447 448
435 436 448
436 448 449
436 437 449
437 449 450
437 438 450
438 450 451
438 439 451
439 451 452
439 440 452
440 452 453
440 441 453
441 453 454
441 442 454
442 454 455
442 443 455
444 456 457
444 445 457
445 457 458
445 446 458
446 458 459
446 447 459
447 459 460
447 448 460
448 460 461
448 449 461
449 461 462
449 450 462
450 462 463
450 451 463
451 463 464
451 452 464
452 464 465
452 453 465
453 465 466
453 454 466
454 466 467
454 455 467
456 468 469
456 457 469
457 469 470
457 458 470
458 470 471
458 459 471
459 471 472
459 460 472
460 472 473
460 461 473
461 473 474
461 462 474
462 474 475
462 463 475
463 475 476
463 464 476
464 476 477
464 465 477
465 477 478
465 466 478
466 478 479
466 467 479
468 480 481
468 469 481
469 481 482
469 470 482
470 482 483
470 471 483
471 483 484
471 472 484
472 484 485
472 473 485
473 485 486
473 474 486
474 486 487
474 475 487
475 487 488
475 476 488
476 488 489
476 477 489
477 489 490
477 478 490
478 490 491
478 479 491
480 492 493
480 481 493
481 493 494
481 482 494
482 494 495
482 483 495
483 495 496
483 484 496
484 496 497
484 485 497
485 497 498
485 486 498
486 498 499
486 487 499
487 499 500
487 488 500
488 500 501
488 489 501
489 501 502
489 490 502
490 502 503
490 491 503
492 504 505
492 493 505
493 505 506
493 494 506
494 506 507
494 495 507
495 507 508
495 496 508
496 508 509
496 497 509
497 509 510
497 498 510
498 510 511
498 499 511
499 511 512
499 500 512
500 512 513
500 501 513
501 513 514
501 502 514
502 514 515
502 503 515
504 516 517
504 505 517
505 517 518
505 506 518
506 518 519
506 507 519
507 519 520
507 508 520
508 520 521
508 509 521
509 521 522
509 510 522
510 522 523
510 511 523
511 523 524
511 512 524
512 524 525
512 513 525
513 525 526
513 514 526
514 526 527
514 515 527
516 528 529
516 517 529
517 529 530
517 518 530
518 530 531
518 519 531
519 531 532
519 520 532
520 532 533
520 521 533
521 533 534
521 522 534
522 534 535
522 523 535
523 535 536
523 524 536
524 536 537
524 525 537
525 537 538
525 526 538
526 538 539
526 527 539
528 540 541
528 529 541
529 541 542
529 530 542
530 542 543
530 531 543
531 543 544
531 532 544
532 544 545
532 533 545
533 545 546
533 534 546
534 546 547
534 535 547
535 547 548
535 536 548
536 548 549
536 537 549
537 549 550
537 538 550
538 550 551
538 539 551
540 552 553
540 541 553
541 553 554
541 542 554
542 554 555
542 543 555
543 555 556
543 544 556
544 556 557
544 545 557
545 557 558
545 546 558
546 558 559
546 547 559
547 559 560
547 548 560
548 560 561
548 549 561
549 561 562
549 550 562
550 562 563
550 551 563
552 564 565
552 553 565
553 565 566
553 554 566
554 566 567
554 555 567
555 567 568
555 556 568
556 568 569
556 557 569
557 569 570
557 558 570
558 570 571
558 559 571
559 571 572
559 560 572
560 572 573
560 561 573
561 573 574
561 562 574
562 574 575
562 563 575
564 11 10
564 565 10
565 10 9
565 566 9
566 9 8
566 567 8
567 8 7
567 568 7
568 7 6
568 569 6
569 6 5
569 570 5
570 5 4
570 571 4
571 4 3
571 572 3
572 3 2
572 573 2
573 2 1
573 574 1
574 1 0
574 575 0
