160
0 9.85306 -11.9651 -7.11759
1 12.992 -12.6589 -4.38499
2 16.6075 -13.0025 -0.83996
3 19.2853 -12.9369 2.06064
4 7.90516 -12.9359 -5.2631
5 10.9465 -13.8074 -2.36215
6 14.4659 -14.2883 1.312
7 17.0867 -14.3004 4.23318
8 5.82747 -13.5042 -3.2455
9 8.75319 -14.515 -0.170128
10 12.1594 -15.0973 3.60467
11 14.7123 -15.1834 6.51767
12 3.68288 -13.6263 -1.1136
13 6.47963 -14.7321 2.12802
14 9.76037 -15.3881 5.96606
15 12.2345 -15.5524 8.84321
16 1.54508 -13.2737 1.0722
17 4.20553 -14.4326 4.45668
18 7.35111 -15.1472 8.31486
19 9.7328 -15.4006 11.1358
20 -0.508233 -12.4403 3.2426
21 2.01379 -13.6201 6.73389
22 5.01437 -14.3926 10.5715
23 7.28657 -14.7479 13.3261
24 -2.40378 -11.1451 5.32534
25 -0.0196601 -12.3289 8.88118
26 2.82459 -13.1693 12.6672
27 4.96861 -13.6362 15.3555
28 -4.08079 -9.42972 7.25236
29 -1.83413 -10.6165 10.8322
30 0.842171 -11.5402 14.5492
31 2.8414 -12.1223 17.1792
32 -5.49585 -7.35088 8.9651
33 -3.38754 -8.55254 12.5373
34 -0.88784 -9.5759 16.1816
35 0.956651 -10.2706 18.7658
36 -6.62338 -4.97137 10.4168
37 -4.6551 -6.2086 13.9628
38 -2.33367 -7.3473 17.5428
39 -0.643323 -8.14903 20.0958
40 -7.45216 -2.3534 11.572
41 -5.62485 -3.65104 15.088
42 -3.47362 -4.92186 18.6221
43 -1.92396 -5.82697 21.1591
44 -7.97973 0.444509 12.4061
45 -6.29235 -0.93882 15.9017
46 -4.29324 -2.36272 19.4157
47 -2.85768 -3.37507 21.9528
48 -8.20627 3.36669 12.9064
49 -6.65574 1.87549 16.3994
50 -4.78356 0.270692 19.924
51 -3.42436 -0.865469 22.4783
52 -8.12975 6.35709 13.0762
53 -6.71183 4.74256 16.5828
54 -4.94054 2.92171 20.1494
55 -3.61319 1.62829 22.7381
56 -7.74311 9.35553 12.9403
57 -6.4537 7.61198 16.4614
58 -4.76578 5.5361 20.0931
59 -3.42647 4.03235 22.7313
60 -7.03367 12.2957 12.5486
61 -5.87008 10.4277 16.053
62 -4.26839 8.06306 19.7527
63 -2.88788 6.27646 22.4472
64 -5.98405 15.1056 11.9687
65 -4.94839 13.1244 15.3823
66 -3.46739 10.4581 19.1185
67 -2.05696 8.30678 21.8611
68 -4.57641 17.7077 11.2617
69 -3.6839 15.6283 14.471
70 -2.395 12.6873 18.1694
71 -1.03729 10.1161 20.9365
72 -2.80584 20.0205 10.4492
73 -2.09284 17.8649 13.3272
74 -1.09653 14.7332 16.8734
75 0.0562405 11.77 19.6379
76 -0.699441 21.9662 9.50661
77 -0.216138 19.7706 11.9487
78 0.389747 16.5883 15.2032
79 1.16468 13.376 17.9329
80 1.68155 23.485 8.39628
81 1.89345 21.2965 10.3421
82 2.05368 18.2221 13.1525
83 2.31416 15.0044 15.7706
84 4.26129 24.5403 7.10497
85 4.18202 22.4014 8.53303
86 3.89852 19.556 10.7448
87 3.58806 16.6152 13.0664
88 6.96544 25.1111 5.65302
89 6.59273 23.0488 6.56581
90 5.90735 20.4733 8.04431
91 5.07428 18.0044 9.75407
92 9.72325 25.1859 4.08554
93 9.06197 23.2106 4.49982
94 8.02237 20.8605 5.16476
95 6.7875 18.8217 5.92959
96 12.4644 24.7618 2.46142
97 11.5198 22.8747 2.40485
98 10.1504 20.6562 2.25862
99 8.60779 18.7776 1.95987
100 15.118 23.8484 0.84471
101 13.8944 22.0497 0.354169
102 12.1901 19.8768 -0.518476
103 10.3446 17.8983 -1.69051
104 17.6142 22.4703 -0.701744
105 16.1181 20.7659 -1.5828
106 14.0611 18.6022 -3.04598
107 11.8756 16.4605 -4.75975
108 19.8885 20.6684 -2.12106
109 18.1327 19.0713 -3.34625
110 15.7162 16.937 -5.25434
111 13.1816 14.7317 -7.23251
112 21.8851 18.4976 -3.36531
113 19.8921 17.0255 -4.88887
114 17.1349 14.977 -7.11654
115 14.29 12.8547 -9.19772
116 23.561 16.0234 -4.39691
117 21.3629 14.6933 -6.17604
118 18.3093 12.7956 -8.6299
119 15.2251 10.8759 -10.744
120 24.8874 13.3171 -5.18833
121 22.5229 12.1404 -7.18419
122 19.2337 10.4462 -9.80109
123 15.9904 8.79937 -11.9289
124 25.8502 10.4503 -5.72062
125 23.3594 9.43007 -7.89839
126 19.8987 7.97069 -10.6381
127 16.5688 6.6219 -12.7821
128 26.4479 7.49075 -5.98113
129 23.8671 6.62203 -8.30997
130 20.2919 5.40797 -11.1477
131 16.9301 4.35134 -13.3159
132 26.6878 4.50011 -5.96129
133 24.0465 3.77198 -8.4145
134 20.4007 2.79847 -11.3356
135 17.0408 2.01262 -13.5354
136 26.5822 1.53353 -5.65526
137 23.9017 0.932069 -8.21042
138 20.2151 0.185962 -11.2072
139 16.8728 -0.353903 -13.4449
140 26.144 -1.35812 -5.05955
141 23.439 -1.84776 -7.6983
142 19.7298 -2.38286 -10.7683
143 16.4089 -2.69802 -13.0503
144 25.3857 -4.12514 -4.17393
145 22.6654 -4.51782 -6.88087
146 18.9448 -4.85896 -10.0254
147 15.6438 -4.96526 -12.36
148 24.3182 -6.71625 -3.00332
149 21.5893 -7.0261 -5.76486
150 17.866 -7.19179 -8.98463
151 14.5837 -7.0993 -11.3837
152 22.9493 -9.06924 -1.57738
153 20.2168 -9.3279 -4.34984
154 16.5095 -9.32178 -7.65888
155 13.2504 -9.04619 -10.1251
156 21.2468 -11.144 0.0521148
157 18.5215 -11.306 -2.78874
158 14.8412 -11.1229 -6.20345
159 11.6279 -10.6522 -8.75595
520
0 1
0 4
0 5
1 2
1 5
1 6
2 3
2 6
2 7
3 7
4 1
4 5
4 8
4 9
5 2
5 6
5 9
5 10
6 3
6 7
6 10
6 11
7 11
8 5
8 9
8 12
8 13
9 6
9 10
9 13
9 14
10 7
10 11
10 14
10 15
11 15
12 9
12 13
12 16
12 17
13 10
13 14
13 17
13 18
14 11
14 15
14 18
14 19
15 19
16 13
16 17
16 20
16 21
17 14
17 18
17 21
17 22
18 15
18 19
18 22
18 23
19 23
20 17
20 21
20 24
20 25
21 18
21 22
21 25
21 26
22 19
22 23
22 26
22 27
23 27
24 21
24 25
24 28
24 29
25 22
25 26
25 29
25 30
26 23
26 27
26 30
26 31
27 31
28 25
28 29
28 32
28 33
29 26
29 30
29 33
29 34
30 27
30 31
30 34
30 35
31 35
32 29
32 33
32 36
32 37
33 30
33 34
33 37
33 38
34 31
34 35
34 38
34 39
35 39
36 33
36 37
36 40
36 41
37 34
37 38
37 41
37 42
38 35
38 39
38 42
38 43
39 43
40 37
40 41
40 44
40 45
41 38
41 42
41 45
41 46
42 39
42 43
42 46
42 47
43 47
44 41
44 45
44 48
44 49
45 42
45 46
45 49
45 50
46 43
46 47
46 50
46 51
47 51
48 45
48 49
48 52
48 53
49 46
49 50
49 53
49 54
50 47
50 51
50 54
50 55
51 55
52 49
52 53
52 56
52 57
53 50
53 54
53 57
53 58
54 51
54 55
54 58
54 59
55 59
56 53
56 57
56 60
56 61
57 54
57 58
57 61
57 62
58 55
58 59
58 62
58 63
59 63
60 57
60 61
60 64
60 65
61 58
61 62
61 65
61 66
62 59
62 63
62 66
62 67
63 67
64 61
64 65
64 68
64 69
65 62
65 66
65 69
65 70
66 63
66 67
66 70
66 71
67 71
68 65
68 69
68 72
68 73
69 66
69 70
69 73
69 74
70 67
70 71
70 74
70 75
71 75
72 69
72 73
72 76
72 77
73 70
73 74
73 77
73 78
74 71
74 75
74 78
74 79
75 79
76 73
76 77
76 80
76 81
77 74
77 78
77 81
77 82
78 75
78 79
78 82
78 83
79 83
80 77
80 81
80 84
80 85
81 78
81 82
81 85
81 86
82 79
82 83
82 86
82 87
83 87
84 81
84 85
84 88
84 89
85 82
85 86
85 89
85 90
86 83
86 87
86 90
86 91
87 91
88 85
88 89
88 92
88 93
89 86
89 90
89 93
89 94
90 87
90 91
90 94
90 95
91 95
92 89
92 93
92 96
92 97
93 90
93 94
93 97
93 98
94 91
94 95
94 98
94 99
95 99
96 93
96 97
96 100
96 101
97 94
97 98
97 101
97 102
98 95
98 99
98 102
98 103
99 103
100 97
100 101
100 104
100 105
101 98
101 102
101 105
101 106
102 99
102 103
102 106
102 107
103 107
104 101
104 105
104 108
104 109
105 102
105 106
105 109
105 110
106 103
106 107
106 110
106 111
107 111
108 105
108 109
108 112
108 113
109 106
109 110
109 113
109 114
110 107
110 111
110 114
110 115
111 115
112 109
112 113
112 116
112 117
113 110
113 114
113 117
113 118
114 111
114 115
114 118
114 119
115 119
116 113
116 117
116 120
116 121
117 114
117 118
117 121
117 122
118 115
118 119
118 122
118 123
119 123
120 117
120 121
120 124
120 125
121 118
121 122
121 125
121 126
122 119
122 123
122 126
122 127
123 127
124 121
124 125
124 128
124 129
125 122
125 126
125 129
125 130
126 123
126 127
126 130
126 131
127 131
128 125
128 129
128 132
128 133
129 126
129 130
129 133
129 134
130 127
130 131
130 134
130 135
131 135
132 129
132 133
132 136
132 137
133 130
133 134
133 137
133 138
134 131
134 135
134 138
134 139
135 139
136 133
136 137
136 140
136 141
137 134
137 138
137 141
137 142
138 135
138 139
138 142
138 143
139 143
140 137
140 141
140 144
140 145
141 138
141 142
141 145
141 146
142 139
142 143
142 146
142 147
143 147
144 141
144 145
144 148
144 149
145 142
145 146
145 149
145 150
146 143
146 147
146 150
146 151
147 151
148 145
148 149
148 152
148 153
149 146
149 150
149 153
149 154
150 147
150 151
150 154
150 155
151 155
152 149
152 153
152 156
152 157
153 150
153 154
153 157
153 158
154 151
154 155
154 158
154 159
155 159
156 157
156 153
157 158
157 154
158 159
158 155
0 159
0 158
3 156
3 157
1 158
1 157
1 159
2 157
2 156
2 158
240
0 4 5
0 1 5
1 5 6
1 2 6
2 6 7
2 3 7
4 8 9
4 5 9
5 9 10
5 6 10
6 10 11
6 7 11
8 12 13
8 9 13
9 13 14
9 10 14
10 14 15
10 11 15
12 16 17
12 13 17
13 17 18
13 14 18
14 18 19
14 15 19
16 20 21
16 17 21
17 21 22
17 18 22
18 22 23
18 19 23
20 24 25
20 21 25
21 25 26
21 22 26
22 26 27
22 23 27
24 28 29
24 25 29
25 29 30
25 26 30
26 30 31
26 27 31
28 32 33
28 29 33
29 33 34
29 30 34
30 34 35
30 31 35
32 36 37
32 33 37
33 37 38
33 34 38
34 38 39
34 35 39
36 40 41
36 37 41
37 41 42
37 38 42
38 42 43
38 39 43
40 44 45
40 41 45
41 45 46
41 42 46
42 46 47
42 43 47
44 48 49
44 45 49
45 49 50
45 46 50
46 50 51
46 47 51
48 52 53
48 49 53
49 53 54
49 50 54
50 54 55
50 51 55
52 56 57
52 53 57
53 57 58
53 54 58
54 58 59
54 55 59
56 60 61
56 57 61
57 61 62
57 58 62
58 62 63
58 59 63
60 64 65
60 61 65
61 65 66
61 62 66
62 66 67
62 63 67
64 68 69
64 65 69
65 69 70
65 66 70
66 70 71
66 67 71
68 72 73
68 69 73
69 73 74
69 70 74
70 74 75
70 71 75
72 76 77
72 73 77
73 77 78
73 74 78
74 78 79
74 75 79
76 80 81
76 77 81
77 81 82
77 78 82
78 82 83
78 79 83
80 84 85
80 81 85
81 85 86
81 82 86
82 86 87
82 83 87
84 88 89
84 85 89
85 89 90
85 86 90
86 90 91
86 87 91
88 92 93
88 89 93
89 93 94
89 90 94
90 94 95
90 91 95
92 96 97
92 93 97
93 97 98
93 94 98
94 98 99
94 95 99
96 100 101
96 97 101
97 101 102
97 98 102
98 102 103
98 99 103
100 104 105
100 101 105
101 105 106
101 102 106
102 106 107
102 103 107
104 108 109
104 105 109
105 109 110
105 106 110
106 110 111
106 107 111
108 112 113
108 109 113
109 113 114
109 110 114
110 114 115
110 111 115
112 116 117
112 113 117
113 117 118
113 114 118
114 118 119
114 115 119
116 120 121
116 117 121
117 121 122
117 118 122
118 122 123
118 119 123
120 124 125
120 121 125
121 125 126
121 122 126
122 126 127
122 123 127
124 128 129
124 125 129
125 129 130
125 126 130
126 130 131
126 127 131
128 132 133
128 129 133
129 133 134
129 130 134
130 134 135
130 131 135
132 136 137
132 133 137
133 137 138
133 134 138
134 138 139
134 135 139
136 140 141
136 137 141
137 141 142
137 138 142
138 142 143
138 139 143
140 144 145
140 141 145
141 145 146
141 142 146
142 146 147
142 143 147
144 148 149
144 145 149
145 149 150
145 146 150
146 150 151
146 147 151
148 152 153
148 149 153
149 153 154
149 150 154
150 154 155
150 151 155
152 156 157
152 153 157
153 157 158
153 154 158
154 158 159
154 155 159
156 3 2
156 157 2
157 2 1
157 158 1
158 1 0
158 159 0
