196
0 23.8726 1.0771 19.6692
1 21.9022 -0.193585 19.0846
2 19.658 -1.85964 18.4622
3 17.4077 -3.69298 17.8932
4 15.2289 -5.62809 17.4105
5 13.2007 -7.59459 17.0529
6 11.5996 -9.33491 16.9061
7 22.1195 4.28322 21.9622
8 20.1937 2.90296 21.5018
9 17.9735 1.1434 21.0807
10 15.7346 -0.762934 20.7502
11 13.553 -2.74541 20.5346
12 11.509 -4.73046 20.4611
13 9.88315 -6.45601 20.5696
14 19.8622 7.73086 23.5736
15 17.988 6.2529 23.2365
16 15.8018 4.41852 23.0013
17 13.5795 2.46652 22.8895
18 11.3996 0.468341 22.9133
19 9.34322 -1.50136 23.0871
20 7.69199 -3.18103 23.4146
21 17.2183 11.2672 24.3837
22 15.3987 9.7052 24.1736
23 13.2495 7.8149 24.1152
24 11.0462 5.83953 24.2035
25 8.86861 3.85057 24.4398
26 6.79881 1.9222 24.8271
27 5.11824 0.3117 25.3391
28 14.3162 14.7297 24.3144
29 12.5516 13.0986 24.2381
30 10.4398 11.1701 24.3512
31 8.25558 9.18995 24.6241
32 6.07954 7.22914 25.0488
33 3.99375 5.36073 25.6188
34 2.27899 3.83541 26.2822
35 11.2923 17.9525 23.3341
36 9.58165 16.2687 23.4001
37 7.50671 14.3188 23.682
38 5.34118 12.3492 24.1273
39 3.16566 10.4303 24.7197
40 1.0616 8.63395 25.4445
41 -0.691539 7.2031 26.2283
42 8.28644 20.776 21.4601
43 6.62806 19.0572 21.6774
44 4.58959 17.1016 22.1273
45 2.44289 15.1551 22.7356
46 0.267935 13.2874 23.4784
47 -1.85527 11.5691 24.3335
48 -3.64935 10.2356 25.2084
49 5.43592 23.0568 18.7591
50 3.82826 21.3213 19.1352
51 1.82689 19.3747 19.7535
52 -0.299248 17.4612 20.5182
53 -2.4716 15.6495 21.3975
54 -4.61239 14.0095 22.3617
55 -6.44734 12.7692 23.3009
56 2.86824 24.6777 15.3421
57 1.31113 22.9435 15.8832
58 -0.650408 21.019 16.6709
59 -2.75169 19.1454 17.5875
60 -4.91638 17.3904 18.5931
61 -7.06969 15.8228 19.6496
62 -8.94146 14.6638 20.6295
63 0.694278 25.5559 11.3562
64 -0.809831 23.8393 12.0672
65 -2.72549 21.9479 13.0263
66 -4.7939 20.1183 14.0933
67 -6.94166 18.4165 15.2196
68 -9.09756 16.9091 16.3575
69 -10.9965 15.8113 17.3607
70 -0.99761 25.6461 6.97414
71 -2.44252 23.9619 7.8597
72 -4.30165 22.1128 8.9941
73 -6.32414 20.3288 10.2138
74 -8.44014 18.6727 11.461
75 -10.5823 17.2081 12.6778
76 -12.4915 16.144 13.6967
77 -2.14616 24.9414 2.38359
78 -3.52101 23.3035 3.44937
79 -5.30711 21.5046 4.76549
80 -7.26414 19.7662 6.14508
81 -9.32638 18.1465 7.52108
82 -11.4304 16.7046 8.82503
83 -13.3242 15.6428 9.86655
84 -2.72047 23.4697 -2.22191
85 -4.00906 21.8925 -0.968755
86 -5.69854 20.1527 0.538924
87 -7.56265 18.4608 2.0911
88 -9.54035 16.8695 3.6123
89 -11.5721 15.4319 5.02419
90 -13.4153 14.3432 6.11206
91 -2.72167 21.2884 -6.64927
92 -3.90218 19.7895 -5.20036
93 -5.46364 18.1217 -3.48834
94 -7.19829 16.4822 -1.74571
95 -9.05058 14.9173 -0.0549896
96 -10.9655 13.4737 1.49715
97 -12.7131 12.3402 2.67093
98 -2.18248 18.4783 -10.7097
99 -3.22804 17.0816 -9.05731
100 -4.6226 15.5075 -7.12749
101 -6.18211 13.9364 -5.17413
102 -7.8579 12.408 -3.28514
103 -9.60096 10.9637 -1.55384
104 -11.2006 9.78632 -0.245884
105 -1.16391 15.1382 -14.2211
106 -2.04465 13.8779 -12.3621
107 -3.22798 12.4318 -10.2051
108 -4.5595 10.9603 -8.02425
109 -5.99955 9.4965 -5.91131
110 -7.50786 8.07751 -3.9649
111 -8.90229 6.88011 -2.478
112 0.249905 11.3833 -17.0115
113 -0.436342 10.3049 -14.9526
114 -1.36228 9.03636 -12.5706
115 -2.40983 7.71304 -10.1577
116 -3.55115 6.36172 -7.80869
117 -4.75805 5.01583 -5.62641
118 -5.88748 3.84266 -3.93195
119 1.9566 7.34452 -18.9248
120 1.49177 6.50333 -16.6888
121 0.867553 5.47471 -14.1029
122 0.158227 4.36313 -11.4749
123 -0.623295 3.1888 -8.90168
124 -1.4635 1.98135 -6.48882
125 -2.26795 0.892236 -4.58343
126 3.83887 3.16955 -19.8276
127 3.62042 2.62478 -17.4583
128 3.33852 1.90464 -14.7153
129 3.0155 1.07624 -11.918
130 2.64699 0.152547 -9.16333
131 2.23077 -0.840822 -6.55814
132 1.80613 -1.77572 -4.46944
133 5.76835 -0.976627 -19.6143
134 5.82378 -1.17105 -17.1811
135 5.92076 -1.5184 -14.3588
136 6.02229 -1.99431 -11.47
137 6.10589 -2.59413 -8.61051
138 6.15479 -3.29693 -5.8866
139 6.15049 -4.00459 -3.67595
140 7.61668 -4.90409 -18.2129
141 7.97803 -4.71541 -15.8138
142 8.48364 -4.64606 -13.0222
143 9.03435 -4.71512 -10.1528
144 9.58969 -4.92896 -7.29724
145 10.1209 -5.27507 -4.56073
146 10.5537 -5.69112 -2.3213
147 9.28188 -8.38617 -15.6089
148 9.97073 -7.82358 -13.3603
149 10.8941 -7.33684 -10.7296
150 11.8995 -6.98008 -8.01527
151 12.926 -6.76963 -5.30035
152 13.9299 -6.71368 -2.6837
153 14.7893 -6.79587 -0.533724
154 10.7193 -11.1761 -11.9052
155 11.7144 -10.2906 -9.90751
156 13.0158 -9.43626 -7.54565
157 14.4413 -8.69643 -5.10851
158 15.9188 -8.07954 -2.67885
159 17.373 -7.60808 -0.338603
160 18.6271 -7.3445 1.58213
161 11.9207 -13.0863 -7.36711
162 13.151 -11.938 -5.67684
163 14.7386 -10.7752 -3.63769
164 16.4804 -9.72331 -1.52711
165 18.3199 -8.79159 0.554548
166 20.1799 -7.98257 2.50658
167 21.8165 -7.4149 4.03701
168 12.8245 -14.0598 -2.35826
169 14.2073 -12.6963 -0.992641
170 15.9834 -11.27 0.700728
171 17.9231 -9.94597 2.47143
172 19.9716 -8.7502 4.21719
173 22.0785 -7.70503 5.8221
174 23.9921 -6.96007 6.99241
175 13.3182 -14.1145 2.80432
176 14.7918 -12.5814 3.84804
177 16.6798 -10.9397 5.19405
178 18.7383 -9.38703 6.61817
179 20.9044 -7.9667 8.03191
180 23.1233 -6.72362 9.33694
181 25.1384 -5.84446 10.3048
182 13.3234 -13.2931 7.84243
183 14.8264 -11.6415 8.62525
184 16.7804 -9.83902 9.6241
185 18.9052 -8.10928 10.7112
186 21.1293 -6.50978 11.8157
187 23.3849 -5.09565 12.8685
188 25.3933 -4.06039 13.7162
189 12.7853 -11.656 12.5497
190 14.3489 -9.93928 13.0102
191 16.3522 -8.03372 13.6833
192 18.5178 -6.1844 14.4591
193 20.7681 -4.45609 15.2874
194 23.0275 -2.9111 16.1186
195 24.9998 -1.74103 16.8658
700
0 1
0 7
0 8
1 2
1 8
1 9
2 3
2 9
2 10
3 4
3 10
3 11
4 5
4 11
4 12
5 6
5 12
5 13
6 13
7 1
7 8
7 14
7 15
8 2
8 9
8 15
8 16
9 3
9 10
9 16
9 17
10 4
10 11
10 17
10 18
11 5
11 12
11 18
11 19
12 6
12 13
12 19
12 20
13 20
14 8
14 15
14 21
14 22
15 9
15 16
15 22
15 23
16 10
16 17
16 23
16 24
17 11
17 18
17 24
17 25
18 12
18 19
18 25
18 26
19 13
19 20
19 26
19 27
20 27
21 15
21 22
21 28
21 29
22 16
22 23
22 29
22 30
23 17
23 24
23 30
23 31
24 18
24 25
24 31
24 32
25 19
25 26
25 32
25 33
26 20
26 27
26 33
26 34
27 34
28 22
28 29
28 35
28 36
29 23
29 30
29 36
29 37
30 24
30 31
30 37
30 38
31 25
31 32
31 38
31 39
32 26
32 33
32 39
32 40
33 27
33 34
33 40
33 41
34 41
35 29
35 36
35 42
35 43
36 30
36 37
36 43
36 44
37 31
37 38
37 44
37 45
38 32
38 39
38 45
38 46
39 33
39 40
39 46
39 47
40 34
40 41
40 47
40 48
41 48
42 36
42 43
42 49
42 50
43 37
43 44
43 50
43 51
44 38
44 45
44 51
44 52
45 39
45 46
45 52
45 53
46 40
46 47
46 53
46 54
47 41
47 48
47 54
47 55
48 55
49 43
49 50
49 56
49 57
50 44
50 51
50 57
50 58
51 45
51 52
51 58
51 59
52 46
52 53
52 59
52 60
53 47
53 54
53 60
53 61
54 48
54 55
54 61
54 62
55 62
56 50
56 57
56 63
56 64
57 51
57 58
57 64
57 65
58 52
58 59
58 65
58 66
59 53
59 60
59 66
59 67
60 54
60 61
60 67
60 68
61 55
61 62
61 68
61 69
62 69
63 57
63 64
63 70
63 71
64 58
64 65
64 71
64 72
65 59
65 66
65 72
65 73
66 60
66 67
66 73
66 74
67 61
67 68
67 74
67 75
68 62
68 69
68 75
68 76
69 76
70 64
70 71
70 77
70 78
71 65
71 72
71 78
71 79
72 66
72 73
72 79
72 80
73 67
73 74
73 80
73 81
74 68
74 75
74 81
74 82
75 69
75 76
75 82
75 83
76 83
77 71
77 78
77 84
77 85
78 72
78 79
78 85
78 86
79 73
79 80
79 86
79 87
80 74
80 81
80 87
80 88
81 75
81 82
81 88
81 89
82 76
82 83
82 89
82 90
83 90
84 78
84 85
84 91
84 92
85 79
85 86
85 92
85 93
86 80
86 87
86 93
86 94
87 81
87 88
87 94
87 95
88 82
88 89
88 95
88 96
89 83
89 90
89 96
89 97
90 97
91 85
91 92
91 98
91 99
92 86
92 93
92 99
92 100
93 87
93 94
93 100
93 101
94 88
94 95
94 101
94 102
95 89
95 96
95 102
95 103
96 90
96 97
96 103
96 104
97 104
98 92
98 99
98 105
98 106
99 93
99 100
99 106
99 107
100 94
100 101
100 107
100 108
101 95
101 102
101 108
101 109
102 96
102 103
102 109
102 110
103 97
103 104
103 110
103 111
104 111
105 99
105 106
105 112
105 113
106 100
106 107
106 113
106 114
107 101
107 108
107 114
107 115
108 102
108 109
108 115
108 116
109 103
109 110
109 116
109 117
110 104
110 111
110 117
110 118
111 118
112 106
112 113
112 119
112 120
113 107
113 114
113 120
113 121
114 108
114 115
114 121
114 122
115 109
115 116
115 122
115 123
116 110
116 117
116 123
116 124
117 111
117 118
117 124
117 125
118 125
119 113
119 120
119 126
119 127
120 114
120 121
120 127
120 128
121 115
121 122
121 128
121 129
122 116
122 123
122 129
122 130
123 117
123 124
123 130
123 131
124 118
124 125
124 131
124 132
125 132
126 120
126 127
126 133
126 134
127 121
127 128
127 134
127 135
128 122
128 129
128 135
128 136
129 123
129 130
129 136
129 137
130 124
130 131
130 137
130 138
131 125
131 132
131 138
131 139
132 139
133 127
133 134
133 140
133 141
134 128
134 135
134 141
134 142
135 129
135 136
135 142
135 143
136 130
136 137
136 143
136 144
137 131
137 138
137 144
137 145
138 132
138 139
138 145
138 146
139 146
140 134
140 141
140 147
140 148
141 135
141 142
141 148
141 149
142 136
142 143
142 149
142 150
143 137
143 144
143 150
143 151
144 138
144 145
144 151
144 152
145 139
145 146
145 152
145 153
146 153
147 141
147 148
147 154
147 155
148 142
148 149
148 155
148 156
149 143
149 150
149 156
149 157
150 144
150 151
150 157
150 158
151 145
151 152
151 158
151 159
152 146
152 153
152 159
152 160
153 160
154 148
154 155
154 161
154 162
155 149
155 156
155 162
155 163
156 150
156 157
156 163
156 164
157 151
157 158
157 164
157 165
158 152
158 159
158 165
158 166
159 153
159 160
159 166
159 167
160 167
161 155
161 162
161 168
161 169
162 156
162 163
162 169
162 170
163 157
163 164
163 170
163 171
164 158
164 165
164 171
164 172
165 159
165 166
165 172
165 173
166 160
166 167
166 173
166 174
167 174
168 162
168 169
168 175
168 176
169 163
169 170
169 176
169 177
170 164
170 171
170 177
170 178
171 165
171 172
171 178
171 179
172 166
172 173
172 179
172 180
173 167
173 174
173 180
173 181
174 181
175 169
175 176
175 182
175 183
176 170
176 177
176 183
176 184
177 171
177 178
177 184
177 185
178 172
178 179
178 185
178 186
179 173
179 180
179 186
179 187
180 174
180 181
180 187
180 188
181 188
182 176
182 183
182 189
182 190
183 177
183 184
183 190
183 191
184 178
184 185
184 191
184 192
185 179
185 186
185 192
185 193
186 180
186 187
186 193
186 194
187 181
187 188
187 194
187 195
188 195
189 190
189 183
190 191
190 184
191 192
191 185
192 193
192 186
193 194
193 187
194 195
194 188
0 195
0 194
6 189
6 190
1 194
1 193
1 195
2 193
2 192
2 194
3 192
3 191
3 193
4 191
4 190
4 192
5 190
5 189
5 191
336
0 7 8
0 1 8
1 8 9
1 2 9
2 9 10
2 3 10
3 10 11
3 4 11
4 11 12
4 5 12
5 12 13
5 6 13
7 14 15
7 8 15
8 15 16
8 9 16
9 16 17
9 10 17
10 17 18
10 11 18
11 18 19
11 12 19
12 19 20
12 13 20
14 21 22
14 15 22
15 22 23
15 16 23
16 23 24
16 17 24
17 24 25
17 18 25
18 25 26
18 19 26
19 26 27
19 20 27
21 28 29
21 22 29
22 29 30
22 23 30
23 30 31
23 24 31
24 31 32
24 25 32
25 32 33
25 26 33
26 33 34
26 27 34
28 35 36
28 29 36
29 36 37
29 30 37
30 37 38
30 31 38
31 38 39
31 32 39
32 39 40
32 33 40
33 40 41
33 34 41
35 42 43
35 36 43
36 43 44
36 37 44
37 44 45
37 38 45
38 45 46
38 39 46
39 46 47
39 40 47
40 47 48
40 41 48
42 49 50
42 43 50
43 50 51
43 44 51
44 51 52
44 45 52
45 52 53
45 46 53
46 53 54
46 47 54
47 54 55
47 48 55
49 56 57
49 50 57
50 57 58
50 51 58
51 58 59
51 52 59
52 59 60
52 53 60
53 60 61
53 54 61
54 61 62
54 55 62
56 63 64
56 57 64
57 64 65
57 58 65
58 65 66
58 59 66
59 66 67
59 60 67
60 67 68
60 61 68
61 68 69
61 62 69
63 70 71
63 64 71
64 71 72
64 65 72
65 72 73
65 66 73
66 73 74
66 67 74
67 74 75
67 68 75
68 75 76
68 69 76
70 77 78
70 71 78
71 78 79
71 72 79
72 79 80
72 73 80
73 80 81
73 74 81
74 81 82
74 75 82
75 82 83
75 76 83
77 84 85
77 78 85
78 85 86
78 79 86
79 86 87
79 80 87
80 87 88
80 81 88
81 88 89
81 82 89
82 89 90
82 83 90
84 91 92
84 85 92
85 92 93
85 86 93
86 93 94
86 87 94
87 94 95
87 88 95
88 95 96
88 89 96
89 96 97
89 90 97
91 98 99
91 92 99
92 99 100
92 93 100
93 100 101
93 94 101
94 101 102
94 95 102
95 102 103
95 96 103
96 103 104
96 97 104
98 105 106
98 99 106
99 106 107
99 100 107
100 107 108
100 101 108
101 108 109
101 102 109
102 109 110
102 103 110
103 110 111
103 104 111
105 112 113
105 106 113
106 113 114
106 107 114
107 114 115
107 108 115
108 115 116
108 109 116
109 116 117
109 110 117
110 117 118
110 111 118
112 119 120
112 113 120
113 120 121
113 114 121
114 121 122
114 115 122
115 122 123
115 116 123
116 123 124
116 117 124
117 124 125
117 118 125
119 126 127
119 120 127
120 127 128
120 121 128
121 128 129
121 122 129
122 129 130
122 123 130
123 130 131
123 124 131
124 131 132
124 125 132
126 133 134
126 127 134
127 134 135
127 128 135
128 135 136
128 129 136
129 136 137
129 130 137
130 137 138
130 131 138
131 138 139
131 132 139
133 140 141
133 134 141
134 141 142
134 135 142
135 142 143
135 136 143
136 143 144
136 137 144
137 144 145
137 138 145
138 145 146
138 139 146
140 147 148
140 141 148
141 148 149
141 142 149
142 149 150
142 143 150
143 150 151
143 144 151
144 151 152
144 145 152
145 152 153
145 146 153
147 154 155
147 148 155
148 155 156
148 149 156
149 156 157
149 150 157
150 157 158
150 151 158
151 158 159
151 152 159
152 159 160
152 153 160
154 161 162
154 155 162
155 162 163
155 156 163
156 163 164
156 157 164
157 164 165
157 158 165
158 165 166
158 159 166
159 166 167
159 160 167
161 168 169
161 162 169
162 169 170
162 163 170
163 170 171
163 164 171
164 171 172
164 165 172
165 172 173
165 166 173
166 173 174
166 167 174
168 175 176
168 169 176
169 176 177
169 170 177
170 177 178
170 171 178
171 178 179
171 172 179
172 179 180
172 173 180
173 180 181
173 174 181
175 182 183
175 176 183
176 183 184
176 177 184
177 184 185
177 178 185
178 185 186
178 179 186
179 186 187
179 180 187
180 187 188
180 181 188
182 189 190
182 183 190
183 190 191
183 184 191
184 191 192
184 185 192
185 192 193
185 186 193
186 193 194
186 187 194
187 194 195
187 188 195
189 6 5
189 190 5
190 5 4
190 191 4
191 4 3
191 192 3
192 3 2
192 193 2
193 2 1
193 194 1
194 1 0
194 195 0
